accession	phenotype_value	genotype
108	91.0	0
139	26.0	0
159	81.0	0
265	32.0	0
350	65.0	0
351	197.0	0
403	47.0	0
410	261.0	0
424	190.0	0
428	76.0	0
630	79.0	0
763	33.0	0
768	42.0	0
801	167.0	0
870	22.0	0
915	6.0	0
932	59.0	0
997	33.0	0
1002	74.0	0
1066	63.0	0
1158	39.0	0
1317	23.0	.
1829	70.0	0
1872	36.0	0
1890	36.0	0
1925	55.0	0
1954	29.0	0
2016	49.0	0
2171	63.0	0
2202	23.0	0
2276	109.0	0
2278	144.0	0
2317	52.0	0
4779	37.0	0
4807	62.0	0
4884	74.0	0
4958	72.0	0
5104	26.0	0
5151	27.0	0
5210	38.0	0
5236	22.0	0
5276	188.0	0
5349	41.0	0
5353	35.0	0
5486	42.0	0
5577	24.0	0
5644	50.0	0
5720	141.0	0
5726	124.0	0
5741	69.0	0
5748	133.0	0
5768	19.0	0
5772	85.0	0
5779	208.0	0
5784	56.0	0
5800	60.0	0
5811	80.0	0
5822	111.0	0
5831	47.0	0
5837	32.0	0
5874	134.0	0
5890	229.0	0
5893	83.0	0
5907	51.0	1
5921	27.0	0
5950	23.0	0
5984	34.0	1
5993	37.0	0
6008	38.0	0
6009	36.0	0
6020	47.0	0
6024	56.0	0
6025	40.0	0
6038	38.0	0
6041	46.0	0
6086	27.0	0
6097	36.0	0
6099	13.0	0
6106	32.0	0
6107	72.0	0
6108	31.0	0
6111	48.0	1
6133	32.0	0
6137	234.0	1
6138	50.0	0
6140	63.0	0
6145	41.0	1
6148	5.0	0
6154	20.0	0
6163	38.0	0
6166	33.0	0
6169	50.0	0
6174	28.0	0
6177	76.0	0
6194	192.0	1
6195	72.0	0
6198	43.0	0
6201	32.0	0
6203	237.0	1
6217	27.0	0
6218	26.0	.
6220	54.0	0
6240	21.0	0
6268	35.0	.
6284	85.0	.
6296	22.0	0
6390	14.0	0
6424	41.0	0
6434	18.0	0
6445	73.0	1
6680	35.0	0
6744	13.0	0
6830	29.0	.
6907	157.0	0
6908	30.0	0
6909	200.0	0
6911	207.0	0
6923	84.0	0
6933	23.0	.
6943	39.0	0
6944	55.0	0
6957	26.0	0
6960	92.0	0
6966	37.0	0
6971	69.0	0
6973	105.0	0
6974	62.0	0
6976	84.0	0
6979	37.0	0
6989	65.0	0
6992	32.0	0
7013	194.0	1
7028	161.0	1
7033	46.0	0
7058	81.0	0
7067	39.0	0
7102	83.0	.
7103	103.0	1
7106	113.0	1
7107	38.0	0
7111	55.0	0
7119	29.0	0
7161	54.0	0
7164	47.0	0
7165	91.0	0
7169	60.0	0
7186	5.0	0
7202	31.0	0
7218	14.0	0
7231	35.0	.
7244	156.0	0
7248	94.0	0
7250	65.0	.
7282	54.0	0
7288	374.0	1
7296	38.0	0
7316	50.0	0
7322	284.0	0
7327	128.0	0
7328	43.0	0
7346	176.0	1
7350	48.0	0
7353	48.0	0
7354	25.0	0
7372	167.0	0
7373	127.0	0
7377	58.0	0
7384	60.0	0
7396	163.0	0
7404	29.0	0
7413	159.0	0
7418	55.0	0
7427	57.0	0
7461	75.0	0
7477	454.0	0
7515	168.0	0
7521	58.0	0
7717	37.0	0
7917	22.0	0
8077	59.0	0
8132	32.0	0
8233	45.0	0
8234	56.0	0
8235	114.0	0
8236	62.0	1
8238	94.0	0
8244	15.0	0
8246	277.0	0
8259	40.0	0
8264	286.0	0
8284	47.0	0
8290	30.0	0
8297	76.0	0
8334	131.0	0
8337	39.0	0
8343	88.0	0
8351	59.0	0
8357	89.0	.
8365	22.0	0
8366	82.0	0
8386	46.0	0
8419	71.0	.
8424	78.0	0
9067	36.0	0
9075	73.0	0
9078	10.0	0
9079	11.0	0
9081	52.0	0
9084	64.0	0
9085	84.0	0
9089	72.0	0
9091	49.0	0
9095	92.0	0
9099	63.0	0
9100	293.0	0
9102	117.0	0
9103	113.0	0
9104	221.0	0
9105	27.0	0
9106	80.0	0
9111	43.0	.
9113	72.0	0
9114	39.0	0
9115	54.0	0
9121	171.0	0
9125	130.0	0
9128	264.0	0
9130	166.0	0
9131	119.0	0
9133	120.0	0
9134	185.0	0
9298	26.0	0
9312	30.0	0
9314	43.0	0
9321	17.0	0
9386	13.0	0
9388	28.0	0
9404	33.0	.
9405	126.0	1
9408	118.0	1
9409	120.0	1
9421	5.0	1
9433	24.0	0
9451	46.0	0
9503	32.0	0
9506	45.0	0
9507	79.0	0
9508	72.0	0
9509	157.0	0
9510	59.0	0
9511	125.0	0
9512	39.0	0
9513	45.0	0
9514	51.0	0
9515	44.0	0
9517	103.0	0
9518	51.0	0
9519	115.0	0
9520	63.0	0
9521	39.0	0
9522	52.0	0
9523	25.0	0
9524	41.0	0
9525	35.0	0
9526	19.0	0
9527	18.0	.
9529	31.0	0
9530	49.0	0
9531	29.0	0
9532	39.0	0
9533	42.0	0
9534	51.0	0
9535	31.0	0
9537	41.0	0
9540	32.0	0
9541	21.0	0
9542	88.0	0
9543	63.0	0
9544	35.0	0
9545	81.0	0
9546	40.0	0
9547	46.0	0
9548	43.0	0
9549	17.0	0
9550	80.0	0
9551	55.0	0
9552	177.0	0
9553	192.0	0
9554	65.0	0
9556	23.0	0
9557	31.0	0
9558	99.0	0
9559	31.0	0
9560	35.0	0
9561	36.0	0
9562	40.0	0
9564	39.0	0
9565	85.0	1
9567	46.0	0
9568	55.0	0
9569	84.0	0
9573	42.0	0
9574	28.0	0
9576	58.0	0
9577	69.0	0
9578	38.0	0
9579	84.0	0
9581	28.0	0
9582	31.0	0
9583	52.0	0
9584	45.0	0
9585	34.0	0
9586	37.0	0
9587	6.0	0
9588	12.0	0
9590	36.0	0
9591	58.0	0
9592	47.0	0
9593	40.0	0
9594	21.0	0
9595	31.0	.
9596	57.0	0
9597	51.0	0
9598	19.0	0
9599	16.0	0
9600	58.0	0
9601	39.0	0
9602	66.0	0
9606	93.0	0
9607	22.0	0
9608	26.0	0
9609	207.0	0
9610	68.0	0
9611	70.0	0
9612	87.0	0
9613	56.0	0
9615	85.0	0
9616	25.0	0
9617	64.0	0
9619	42.0	0
9620	61.0	0
9621	114.0	0
9622	90.0	0
9624	22.0	0
9626	59.0	0
9627	36.0	0
9628	56.0	0
9629	66.0	0
9630	145.0	0
9631	88.0	0
9632	14.0	0
9634	51.0	0
9636	86.0	0
9637	115.0	0
9638	34.0	0
9639	58.0	0
9640	31.0	0
9642	26.0	0
9644	18.0	0
9645	31.0	0
9646	17.0	0
9647	109.0	0
9649	58.0	0
9651	39.0	0
9653	117.0	0
9655	82.0	0
9656	48.0	0
9658	544.0	0
9659	105.0	0
9660	146.0	0
9661	96.0	0
9663	23.0	0
9665	75.0	0
9666	13.0	0
9668	213.0	0
9669	61.0	0
9673	29.0	0
9678	107.0	0
9679	94.0	1
9680	126.0	1
9681	116.0	1
9682	23.0	1
9683	89.0	1
9684	90.0	0
9690	11.0	0
9693	78.0	0
9696	41.0	1
9697	123.0	0
9698	155.0	0
9699	51.0	0
9701	68.0	0
9703	21.0	0
9705	44.0	0
9706	88.0	0
9707	22.0	0
9708	19.0	0
9709	59.0	0
9710	47.0	0
9711	17.0	0
9712	20.0	0
9713	42.0	0
9714	78.0	0
9717	56.0	0
9719	61.0	.
9720	33.0	0
9721	103.0	0
9722	90.0	0
9723	17.0	0
9725	95.0	0
9726	119.0	0
9727	163.0	0
9728	38.0	0
9729	57.0	0
9730	99.0	0
9731	94.0	0
9732	68.0	0
9733	19.0	0
9735	28.0	0
9736	81.0	0
9737	142.0	0
9738	171.0	0
9739	208.0	1
9741	80.0	0
9743	128.0	0
9744	27.0	0
9745	293.0	0
9747	36.0	0
9748	214.0	0
9749	13.0	0
9754	50.0	0
9755	87.0	0
9756	16.0	0
9757	30.0	0
9759	31.0	0
9768	51.0	0
9769	17.0	0
9770	76.0	0
9771	46.0	0
9772	104.0	0
9774	37.0	0
9775	32.0	0
9776	55.0	0
9777	29.0	0
9778	34.0	0
9779	37.0	0
9780	36.0	0
9781	34.0	0
9782	69.0	0
9783	36.0	0
9784	35.0	0
9785	120.0	0
9786	54.0	0
9788	73.0	0
9789	35.0	0
9790	17.0	0
9791	13.0	0
9792	50.0	0
9793	52.0	0
9794	52.0	0
9795	63.0	0
9796	35.0	0
9797	84.0	0
9798	55.0	1
9799	18.0	0
9800	68.0	0
9801	216.0	1
9802	28.0	0
9803	46.0	0
9804	21.0	0
9805	27.0	0
9806	24.0	1
9807	78.0	0
9808	54.0	0
9809	83.0	0
9811	35.0	0
9812	33.0	0
9813	20.0	.
9814	45.0	0
9815	67.0	0
9817	54.0	0
9819	70.0	0
9821	77.0	0
9823	37.0	0
9824	56.0	0
9825	73.0	0
9826	34.0	0
9827	26.0	0
9828	43.0	0
9830	43.0	0
9831	30.0	0
9832	331.0	0
9833	116.0	0
9834	31.0	0
9835	90.0	0
9838	25.0	0
9839	100.0	0
9840	51.0	0
9841	37.0	0
9843	90.0	0
9844	41.0	0
9845	150.0	0
9846	42.0	0
9848	32.0	0
9849	67.0	0
9850	14.0	0
9851	16.0	0
9852	68.0	0
9853	31.0	0
9854	19.0	0
9855	69.0	0
9866	41.0	0
9867	41.0	0
9868	54.0	0
9870	25.0	0
9871	104.0	0
9873	51.0	0
9874	61.0	0
9875	31.0	0
9876	48.0	0
9877	49.0	0
9878	72.0	0
9879	54.0	0
9880	59.0	0
9881	86.0	0
9882	88.0	0
9883	39.0	0
9885	64.0	0
9886	35.0	0
9888	87.0	0
9890	36.0	0
9891	89.0	.
9892	77.0	0
9894	90.0	0
9895	29.0	0
9897	27.0	0
9898	74.0	0
9899	22.0	0
9900	31.0	0
9901	42.0	0
9902	60.0	0
9903	50.0	0
9904	42.0	0
9906	25.0	0
9908	29.0	0
9911	51.0	0
9915	104.0	0
9918	48.0	0
9920	18.0	0
9921	21.0	0
9924	45.0	0
9927	43.0	0
9928	78.0	0
9929	56.0	0
9930	74.0	0
9933	55.0	0
9937	118.0	0
9938	145.0	0
10020	24.0	1
10022	36.0	0
10023	40.0	0
