Accession_ID	Mg	Mg/Col-0	Population
88	4381.23768413198	0.7474471241713045	Europe
108	4249.45638181171	0.7249649941112117	Europe
139	4489.03874815149	0.7658381819255595	Europe
159	4812.73588566789	0.8210615028185121	Europe
265	3798.74364867965	0.6480725813970882	Europe
350	5330.87050281458	0.9094562116749938	Europe
351	5287.27535127083	0.902018799464466	Europe
403	6134.5235406981	1.0465608828443187	Europe
410	5450.87404269689	0.929929034023864	Europe
424	5413.65233237961	0.92357894248828	Europe
428	4840.90736512682	0.8258676084953375	Europe
430	4348.43226778474	0.7418504604260815	Europe
991	5370.42032745499	0.916203483752019	Europe
992	5148.49360075432	0.8783423801990328	Europe
997	5990.77760330278	1.0220375642609476	Europe
1002	4522.99778925967	0.7716316561549662	Europe
1061	4817.26328014478	0.8218338845575801	Europe
1062	5363.20720722858	0.9149729123112001	Europe
1063	5731.58937209117	0.9778195802105005	Europe
1066	4919.08117785793	0.8392042032486875	Europe
1158	4506.01752417	0.7687347920211376	Europe
1254	4675.51571326485	0.7976514916218099	Europe
1257	5080.70184239081	0.8667769828194655	Europe
1317	4563.51415797272	0.778543822410204	Europe
1552	5342.17037325732	0.9113839901419153	Europe
4779	4412.41994454494	0.752766874559475	Europe
4807	5507.20133992818	0.9395385734652767	Europe
4884	5304.42547332064	0.9049446415048886	Europe
4900	5286.40794527684	0.9018708184229342	Europe
4958	3835.84328726784	0.6544018472734798	Europe
5104	4683.61554229591	0.7990333371987965	Europe
5151	4137.36182454661	0.7058414585937237	Europe
5165	4558.79895585167	0.7777394003451722	Europe
5210	4465.9339592378	0.7618964628787546	Europe
5236	4586.63697062387	0.7824886163394287	Europe
5253	4432.03096058619	0.756112549594454	Europe
5276	5924.87374034347	1.010794245273912	Europe
5349	5658.32946357303	0.9653213064607655	Europe
5353	4944.82671333422	0.8435964384660781	Europe
5486	4568.13438074039	0.7793320408246565	Europe
5577	5393.2387456568	0.9200963474340907	Europe
5644	5150.91297734241	0.8787551302490025	Europe
5720	5434.78704604949	0.9271845631123218	Europe
5726	4953.30542593544	0.8450429222698238	Europe
5741	5467.93771194045	0.9328401270581685	Europe
5748	5149.93351303835	0.8785880318557906	Europe
5757	3889.9078064312	0.6636253526575214	Europe
5768	4013.22429266368	0.684663369684356	Europe
5772	5310.09344139904	0.9059116071765843	Europe
5779	4140.71117435757	0.7064128637683649	Europe
5784	4351.78750000496	0.7424228691504502	Europe
5800	4575.60433485213	0.7806064285938327	Europe
5811	4595.83702474253	0.7840581623191226	Europe
5822	4511.86269632162	0.7697319890302928	Europe
5830	5504.77262629183	0.9391242304978774	Europe
5831	5807.75099586896	0.9908128918655846	Europe
5832	4414.30530829007	0.753088521046361	Europe
5837	4878.81557858411	0.8323348187162631	Europe
5865	5255.42006049794	0.8965842288717604	Europe
5867	5784.60257686498	0.9868637294459555	Europe
5874	5001.32774776265	0.8532356177895803	Europe
5890	5097.6704306193	0.869671854859521	Europe
5893	5497.84871738968	0.9379429990354347	Europe
5907	6020.16433059102	1.0270509934295942	Europe
5921	4680.21435453116	0.7984530883748772	Europe
5950	5212.38770359394	0.8892428304512408	Europe
5984	6477.0829106148	1.1050021349200778	Europe
5993	5538.64641567366	0.9449031606275833	Europe
6008	5893.33451295677	1.0054135956702273	Europe
6009	4254.43935420579	0.7258150982722503	Europe
6011	5020.47879825214	0.8565028218641443	Europe
6012	5542.89273730234	0.9456275908271039	Europe
6013	4798.73865381322	0.818673549584652	Europe
6019	5570.30970026361	0.9503049746159663	Europe
6020	5744.52655826738	0.980026687721992	Europe
6021	6168.60113789112	1.0523745829576092	Europe
6023	5577.21180122988	0.9514824856048505	Europe
6024	4716.0550769285	0.8045675808574783	Europe
6025	5274.90879010999	0.8999090416193174	Europe
6034	4598.28786240183	0.7844762796851101	Europe
6038	5447.61139779218	0.9293724208640598	Europe
6039	4498.85363433539	0.767512619374775	Europe
6040	4834.68089711595	0.8248053617185134	Europe
6041	5357.4364793916	0.9139884156376351	Europe
6042	4496.75397600132	0.7671544138409307	Europe
6043	5684.65595534906	0.9698126538804186	Europe
6069	4609.72228572243	0.7864270131179238	Europe
6070	4744.70872701703	0.8094559457214187	Europe
6071	5219.47028257263	0.8904511313175715	Europe
6073	4924.75471974854	0.8401721198228923	Europe
6074	4380.37180387139	0.7472994034226679	Europe
6076	5377.40232783035	0.9173946257255364	Europe
6085	4770.77234658528	0.8139024466639128	Europe
6086	4395.05590793303	0.7498045383053648	Europe
6088	4914.38461415609	0.8384029609319007	Europe
6090	4031.68450786975	0.6878127160020265	Europe
6092	4969.91660096485	0.8478768189675097	Europe
6094	4470.01774642209	0.7625931644061974	Europe
6097	5278.84719557596	0.9005809407609734	Europe
6098	5251.48542150575	0.8959129722973873	Europe
6099	5461.65473738811	0.9317682401625097	Europe
6100	4709.14585261898	0.8033888546132689	Europe
6102	4594.38499489373	0.7838104433837572	Europe
6104	5080.2243743494	0.8666955259024558	Europe
6105	4845.81758303215	0.8267053006081588	Europe
6106	3965.16693857876	0.676464697597664	Europe
6107	5125.66347853251	0.874447519789844	Europe
6108	5173.89700829384	0.8826762477676278	Europe
6109	5071.25943990882	0.8651660917678357	Europe
6111	6099.59091059317	1.0406013125598221	Europe
6112	5748.55971711833	0.9807147519636072	Europe
6113	5434.82101754508	0.9271903587113086	Europe
6114	5896.89875366196	1.0060216616225943	Europe
6115	5704.72686134104	0.9732367869781394	Europe
6118	5102.84094236255	0.8705539535749099	Europe
6122	5436.68436137379	0.9275082485603702	Europe
6124	4925.54981334973	0.8403077642385809	Europe
6125	5034.01759004046	0.8588125643881769	Europe
6126	4877.39866127691	0.8320930900444108	Europe
6128	5243.68762264382	0.894582653617046	Europe
6131	5135.24992791381	0.8760829855047076	Europe
6132	4907.86087319132	0.8372899988480091	Europe
6133	5335.8136243785	0.9102995172118661	Europe
6134	5820.96145901105	0.9930666209249069	Europe
6136	5187.38955623026	0.8849781010063474	Europe
6137	5082.67947903398	0.8671143712307234	Europe
6138	4186.10458949067	0.7141570630206526	Europe
6140	5052.36024797922	0.8619418552220524	Europe
6142	4869.28219962597	0.8307084069121958	Europe
6145	5214.83208071786	0.889659845638132	Europe
6148	5044.61878775203	0.860621148015352	Europe
6149	4794.00551257815	0.8178660670741134	Europe
6150	4951.1976906744	0.8446833387975359	Europe
6151	4853.31979503843	0.8279851916328633	Europe
6153	5239.92809369968	0.8939412711356268	Europe
6154	5155.74347338343	0.8795792216666533	Europe
6163	4708.62884659814	0.8033006524449968	Europe
6166	4908.10072990873	0.8373309188406154	Europe
6169	4599.22042753741	0.7846353769948078	Europe
6172	4322.13439569407	0.7373639955768477	Europe
6173	4616.30049785968	0.7875492680829955	Europe
6174	4395.14249708989	0.7498193105731452	Europe
6177	5541.13315960952	0.9453274036697128	Europe
6180	5181.99972993226	0.8840585868286955	Europe
6184	3764.99034975696	0.6423142071590429	Europe
6188	4290.55269740787	0.7319761003603976	Europe
6189	5812.77263025404	0.9916695918326653	Europe
6191	5405.89581700981	0.9222556668468453	Europe
6192	4908.85812517544	0.8374601318518187	Europe
6193	4923.5022589283	0.8399584477270787	Europe
6194	4565.55608864042	0.7788921794990827	Europe
6195	4431.14592645333	0.7559615611603419	Europe
6198	4164.6554446511	0.710497799866696	Europe
6201	4764.13748944042	0.8127705279574308	Europe
6202	4952.73443872849	0.8449455108129382	Europe
6203	6715.41528420502	1.1456620716959627	Europe
6209	4867.07579039625	0.8303319894812329	Europe
6210	5509.13021625702	0.9398676432781506	Europe
6216	5069.99798956906	0.8649508860436282	Europe
6217	4499.54529027785	0.7676306171375944	Europe
6218	5297.38613998295	0.9037437184236334	Europe
6220	5179.63548254844	0.8836552419213269	Europe
6221	5080.49566192781	0.8667418080571629	Europe
6235	4986.00149571112	0.8506209312908929	Europe
6237	5510.395934199	0.9400835770630653	Europe
6238	4151.48625006925	0.7082511112988726	Europe
6240	4426.9292652608	0.75524219108522	Europe
6242	5060.64094949496	0.8633545579741715	Europe
6243	5262.26227662922	0.8977515233987855	Europe
6244	5014.13879212712	0.8554212052783703	Europe
6252	4396.61681455349	0.7500708318161663	Europe
6258	5024.33103709112	0.8571600208223851	Europe
6268	3957.96822133427	0.6752365833317788	Europe
6276	4041.20102717367	0.6894362515183939	Europe
6284	6879.39006420337	1.1736364676503952	Europe
6296	4972.41284365778	0.8483026825148863	Europe
6390	4846.3871095336	0.8268024628660272	Europe
6396	5682.08353396058	0.9693737941089116	Europe
6413	4994.37776790718	0.8520499385750439	Europe
6424	4959.43269485436	0.846088245500987	Europe
6434	4357.69171151136	0.7434301383810015	Europe
6445	5845.06789603371	0.9971792229624232	Europe
6897	4424.17577719148	0.7547724410083622	Europe
6898	5245.40278352969	0.8948752631863187	Europe
6903	5189.15831651867	0.8852798547312616	Europe
6904	5248.36882190373	0.8953812747320715	Europe
6907	4835.03439431414	0.8248656689840028	Europe
6908	5088.96383389546	0.8681864936096343	Europe
6913	4807.79988379004	0.8202194119130437	Europe
6915	4884.56695969553	0.8333160148032306	Europe
6918	4895.90872913857	0.8352509413158729	Europe
6919	4864.06087980726	0.8298176402466465	Europe
6920	5088.00263230957	0.8680225108693861	Europe
6923	4911.98792323703	0.8379940810983626	Europe
6924	4743.0537824935	0.8091736091731745	Europe
6932	4494.76777172234	0.7668155637754076	Europe
6933	4940.18734159786	0.8428049532027099	Europe
6938	5140.67506403964	0.8770085236032628	Europe
6940	4621.34068693089	0.7884091335133053	Europe
6943	4858.60167612075	0.8288862901602255	Europe
6944	5465.54698464211	0.932432264629181	Europe
6945	4760.89977776202	0.8122181684514216	Europe
6951	3699.08890022971	0.6310712999079101	Europe
6956	5540.57601301235	0.94523235344605	Europe
6957	5276.67261630798	0.9002099535794241	Europe
6958	4905.91198971323	0.8369575157790536	Europe
6959	3935.79722054773	0.6714541702392597	Europe
6960	4278.24602402223	0.729876559478713	Europe
6961	3778.06853468706	0.6445453693146109	Europe
6966	4994.05375949784	0.851994662150611	Europe
6967	4840.37944032682	0.825777543563465	Europe
6969	4051.24026248448	0.6911489633370477	Europe
6971	4043.96136293203	0.689907169823467	Europe
6973	4732.18542230117	0.80731944714046	Europe
6974	5655.83778862244	0.9648962221785469	Europe
6975	4635.68286390883	0.7908559350131059	Europe
6976	4157.6150596516	0.7092966973700215	Europe
6979	4279.16200935791	0.7300328282443672	Europe
6981	5450.19951900954	0.9298139590549526	Europe
6984	5550.9596784244	0.9470038256669487	Europe
6986	5367.45486261928	0.9156975700529494	Europe
6987	4659.10740690682	0.7948522046887475	Europe
6989	4278.83421109199	0.7299769052635032	Europe
6992	4330.17558132742	0.7387358364834353	Europe
6997	5255.38088476412	0.8965775454202584	Europe
7000	5447.37518250556	0.9293321221061748	Europe
7002	5538.45778553754	0.9448709799829937	Europe
7003	5789.12848726847	0.9876358579994001	Europe
7008	5283.27246831367	0.9013359003454432	Europe
7013	5485.04768541905	0.9357591196792595	Europe
7014	4738.56170861174	0.8084072531919304	Europe
7025	4460.20271575616	0.7609187023080846	Europe
7026	5241.18610284783	0.8941558897862815	Europe
7028	6300.32669799859	1.0748472032947298	Europe
7031	5492.98445192189	0.9371131464921056	Europe
7036	4401.62585939161	0.7509253839836183	Europe
7058	5304.85440704505	0.90501781837907	Europe
7061	4442.99044574393	0.7579822577121439	Europe
7062	4800.964219516	0.8190532351447901	Europe
7064	5560.12165829066	0.9485668761098758	Europe
7067	4366.53443267771	0.7449387227085706	Europe
7071	4979.17182262002	0.8494557766293548	Europe
7072	5321.66850884972	0.9078863347540072	Europe
7077	5300.20229841052	0.9042241601776887	Europe
7081	4796.31931506361	0.8182608059899957	Europe
7092	4551.47538867932	0.776489986454327	Europe
7096	4787.56106778878	0.8167666330620895	Europe
7102	4576.60673855934	0.7807774404909791	Europe
7103	5569.0734543372	0.9500940688105566	Europe
7106	5298.38399397754	0.9039139541315249	Europe
7107	4708.56805269564	0.803290280894566	Europe
7109	4930.01948835176	0.8410702989301697	Europe
7111	5131.25826877227	0.8754020011890604	Europe
7117	5194.97549730789	0.8862722763630381	Europe
7119	5054.54044108238	0.8623138001341025	Europe
7120	3642.80793177141	0.6214696642395028	Europe
7126	4578.1581420527	0.7810421127509984	Europe
7127	5301.52518141935	0.9044498464270667	Europe
7130	4817.40754920964	0.8218584971226612	Europe
7133	4130.98466482652	0.7047535035369995	Europe
7143	5446.30367743286	0.9291493213902893	Europe
7147	5234.87180539135	0.8930786591461586	Europe
7158	5619.54557417221	0.9587047043298623	Europe
7161	5189.89284867612	0.8854051672544067	Europe
7162	4693.08371940828	0.8006486254492873	Europe
7163	5163.14588999085	0.8808420874146526	Europe
7165	4725.43288558775	0.8061674520853672	Europe
7169	5059.35654965174	0.8631354370228983	Europe
7177	5624.74562726072	0.9595918428525273	Europe
7181	4969.16579052034	0.8477487293389604	Europe
7186	5428.4231881386	0.9260988773684607	Europe
7192	4218.74824101948	0.7197261293933878	Europe
7199	4126.32601341709	0.7039587291263103	Europe
7202	4029.23420206927	0.6873946893721218	Europe
7203	5616.61376794471	0.9582045328506228	Europe
7208	5584.68803903855	0.9527579453841614	Europe
7209	4989.99853216834	0.8513028329863835	Europe
7213	4638.37011352017	0.791314384688457	Europe
7217	4943.15936201926	0.8433119852966315	Europe
7223	4257.84261716436	0.726395701128013	Europe
7231	4466.44436929372	0.7619835397634046	Europe
7244	4907.58956914301	0.8372437138835069	Europe
7255	5420.29285409666	0.924711827581089	Europe
7258	4416.44824728635	0.753454110339963	Europe
7268	4491.88597283445	0.7663239236393349	Europe
7273	4919.94537565601	0.8393516369661572	Europe
7276	4452.85751682496	0.759665597999803	Europe
7282	4637.76418716866	0.7912110125499091	Europe
7287	5707.37741622311	0.973688976465881	Europe
7288	4438.72774148138	0.7572550326054633	Europe
7296	4600.37665413514	0.7848326313570839	Europe
7298	4591.43985599697	0.7833079973268721	Europe
7305	5293.41069347742	0.9030655000132017	Europe
7314	4905.90126888838	0.8369556867868191	Europe
7316	4444.62328407004	0.758260822902868	Europe
7322	5379.47942764625	0.9177489827351171	Europe
7327	4366.0847081762	0.7448619988899702	Europe
7328	4188.50902413498	0.7145672639478144	Europe
7337	5047.34307581237	0.8610859165175246	Europe
7342	5133.74928769771	0.8758269735521943	Europe
7343	4835.52009421667	0.8249485302715043	Europe
7346	5965.31546730551	1.0176936775105556	Europe
7347	4780.9380185311	0.8156367288026546	Europe
7349	5049.1625763853	0.8613963266273412	Europe
7353	5614.32969670714	0.9578148661397509	Europe
7354	4971.92559933886	0.8482195577471374	Europe
7372	4841.96471810403	0.8260479948379712	Europe
7378	4995.18840034314	0.8521882339442297	Europe
7384	4315.5482775361	0.7362403918302497	Europe
7387	4814.47623957966	0.8213584103638625	Europe
7394	4158.66496307357	0.7094758128049709	Europe
7396	4878.49567699503	0.8322802429228426	Europe
7404	5417.67158534788	0.9242646343609969	Europe
7411	5059.42889408979	0.8631477791157197	Europe
7413	5568.05451068948	0.9499202351694511	Europe
7419	4380.57697083514	0.7473344052801535	Europe
7430	4908.06188416214	0.8373242916855355	Europe
7461	5215.84216543502	0.889832167929558	Europe
7520	5238.47736556119	0.8936937742744097	Europe
7521	5403.50757728646	0.9218482288026792	Europe
8214	5382.41613984984	0.918249991182808	Europe
8222	4985.84339581058	0.8505939591600682	Europe
8227	5062.17801533586	0.863616784204582	Europe
8230	5917.30998695974	1.0095038551781896	Europe
8234	3962.42644571799	0.6759971645270404	Europe
8235	4915.55484535481	0.8386026045045986	Europe
8236	5008.20510385942	0.8544089072586841	Europe
8237	5190.13291468662	0.8854461229527952	Europe
8238	4672.85247633837	0.7971971385542067	Europe
8240	3867.95598695618	0.659880332295728	Europe
8241	7218.96958898782	1.2315693527223182	Europe
8242	5337.61745672686	0.9106072542940499	Europe
8243	5747.92204965964	0.9806059647343953	Europe
8244	3839.99918919251	0.6551108517069035	Europe
8256	5375.22540482306	0.9170232386977943	Europe
8258	5354.72131844044	0.9135252042369031	Europe
8259	4954.44394415521	0.8452371555505851	Europe
8264	4957.0264284061	0.8456777320647368	Europe
8283	5379.35633271404	0.9177279825156098	Europe
8284	5693.45435626902	0.9713136770932765	Europe
8285	5549.4221147696	0.9467415145085805	Europe
8290	4714.72958695479	0.8043414498551462	Europe
8297	4815.68674750129	0.8215649252188053	Europe
8306	4289.9828812517	0.7318788886869066	Europe
8307	4211.81976249499	0.7185441183450557	Europe
8311	5256.6375328674	0.8967919318741807	Europe
8312	5414.81030120914	0.9237764940784725	Europe
8326	5616.0551616546	0.9581092336006873	Europe
8334	5126.21644041683	0.874541856093877	Europe
8335	4682.94580316009	0.7989190784830855	Europe
8337	4714.63520716016	0.8043253484903808	Europe
8343	5050.8963836318	0.8616921172996796	Europe
8351	5017.47732016894	0.8559907642394972	Europe
8357	4527.20671350575	0.7723497062929401	Europe
8365	5762.62316700368	0.9831140021140392	Europe
8366	4838.06792223002	0.8253831943684461	Europe
8376	5400.83954717481	0.9213930580089608	Europe
8386	5545.93167695646	0.946146039463942	Europe
8419	5373.88555925704	0.9167946586052825	Europe
8422	4389.09163997647	0.7487870233350943	Europe
8426	4322.92990185193	0.737499710375455	Europe
9057	5315.81110250935	0.9068870505699811	Europe
9058	4196.53160012726	0.7159359300157601	Europe
9298	5084.67108612453	0.8674541430257352	Europe
9321	5331.3498239346	0.9095379847305876	Europe
9323	4540.96917589476	0.7746976074286027	Europe
9332	4773.59443997415	0.8143839009331696	Europe
9336	4550.2799112558	0.776286035829722	Europe
9339	4790.56917991239	0.8172798224661065	Europe
9343	4214.15748044302	0.7189429372823865	Europe
9352	4375.40012169685	0.7464512253936346	Europe
9353	4287.89429042027	0.7315225712891593	Europe
9363	5013.61481305976	0.8553318134956688	Europe
9369	5179.52220808666	0.8836359170919513	Europe
9371	4928.05590084098	0.8407353073264714	Europe
9380	5981.3293545163	1.0204256758191295	Europe
9381	4643.29446533295	0.7921544880716177	Europe
9382	5287.48308212889	0.9020542387269879	Europe
9383	4387.83880055428	0.748573286649099	Europe
9386	3942.05176520772	0.6725212069435322	Europe
9388	5449.57814871834	0.9297079521521806	Europe
9390	5182.99465906574	0.8842283235499574	Europe
9391	4584.93555867077	0.7821983523631141	Europe
9392	4789.64679273872	0.8171224615352379	Europe
9394	4423.11340096252	0.754591197689836	Europe
9399	6492.29808566411	1.1075978714799906	Europe
9402	5040.7181908663	0.8599556990863086	Europe
9404	5227.99994556817	0.8919063073513342	Europe
9405	6150.08977333415	1.049216510467567	Europe
9408	6082.48043460799	1.037682234210194	Europe
9409	4742.31795594657	0.8090480758248277	Europe
9412	4951.43890961186	0.8447244911873625	Europe
9413	5962.79702868357	1.0172640272972864	Europe
9416	5648.62969837444	0.963666508861201	Europe
9421	6617.19836923913	1.128906087216482	Europe
9427	4585.27898836563	0.7822569420942094	Europe
9433	3701.42270986147	0.6314694520793708	Europe
9436	5416.51659130805	0.9240675902753421	Europe
9442	3237.53860729278	0.5523299797632395	Europe
9451	3173.98936158731	0.5414883627658682	Europe
9452	4863.94375721235	0.8297976589187541	Europe
9453	4613.84605174366	0.787130535107723	Europe
9454	4343.54190664946	0.7410161559143762	Europe
9455	4456.85460870938	0.7603475091512749	Europe
9470	5438.80089155952	0.9278693324628198	Europe
9476	3084.17019799327	0.5261650499570271	Europe
9481	5191.43692198158	0.8856685889710271	Europe
9506	3939.94478519612	0.6721617523181735	Europe
9507	3339.69784902361	0.5697585323651189	Europe
9508	3960.95018044978	0.6757453109850072	Europe
9509	4964.25135341992	0.8469103174237762	Europe
9510	3603.58398867142	0.6147779881464822	Europe
9511	3605.7874718293	0.615153906384263	Europe
9512	3638.73460823215	0.6207747478289491	Europe
9513	4199.9687595318	0.7165223156669075	Europe
9514	3835.25852763108	0.6543020862149984	Europe
9515	3165.07123284514	0.5399669137685981	Europe
9517	4458.7577590358	0.7606721900613063	Europe
9518	4346.89336258873	0.7415879203983409	Europe
9519	4286.53942403861	0.7312914286181565	Europe
9520	5539.7478013636	0.9450910590311623	Europe
9521	5007.77254941485	0.8543351126830526	Europe
9523	3922.71156710002	0.6692217339409924	Europe
9524	5040.70693470786	0.859953778765189	Europe
9525	5607.510381769	0.9566514785979627	Europe
9526	4763.54392195482	0.8126692642639041	Europe
9527	4267.43797393743	0.728032686460127	Europe
9528	3858.60114263239	0.658284378825271	Europe
9529	3855.39447585166	0.6577373156353161	Europe
9530	3693.93028657876	0.630191231028726	Europe
9531	4865.97440491614	0.8301440911134511	Europe
9532	4463.73487861702	0.761521295721817	Europe
9533	5489.2462474039	0.936475401996605	Europe
9534	4427.19749838361	0.7552879521442416	Europe
9535	4949.17101994848	0.8443375850825028	Europe
9536	4321.43197146871	0.7372441607253638	Europe
9537	4346.58464911573	0.7415352533178895	Europe
9539	4196.20594959426	0.7158803734420418	Europe
9540	4749.65399708772	0.8102996177974569	Europe
9541	4445.73807801813	0.7584510087796948	Europe
9542	5102.07209702548	0.8704227871608605	Europe
9543	4584.12404839285	0.782059907232492	Europe
9544	3724.27282361061	0.635367723079513	Europe
9545	4008.83991481841	0.6839153868429784	Europe
9546	5143.00071856601	0.8774052844988989	Europe
9547	3620.59617694379	0.6176802984333899	Europe
9548	3794.87728729918	0.6474129731075617	Europe
9549	4809.2652606978	0.8204694078809636	Europe
9550	5208.58193989058	0.8885935602357363	Europe
9551	4267.98064251045	0.7281252667065151	Europe
9552	5046.88083708559	0.8610070577493132	Europe
9553	4338.15581156106	0.7400972782878739	Europe
9554	4415.45425732663	0.7532845338434541	Europe
9555	4719.23168617887	0.8051095161780396	Europe
9556	3736.43722738079	0.6374429925058237	Europe
9557	5026.98340518546	0.8576125196474403	Europe
9558	5232.86672248758	0.892736588352881	Europe
9559	4950.82335415355	0.8446194763056663	Europe
9560	4736.02592325443	0.8079746435940304	Europe
9561	4258.39878915177	0.7264905850814767	Europe
9562	4803.32036020682	0.8194551970355759	Europe
9564	5788.78846041968	0.9875778488000385	Europe
9565	5446.12349262153	0.9291185815334821	Europe
9567	4997.74126000626	0.8526237564497817	Europe
9568	4825.62369668016	0.8232601868371566	Europe
9569	4629.52590937173	0.7898055473614439	Europe
9571	4662.64423902947	0.7954555946870409	Europe
9573	3814.00235598421	0.6506757446389896	Europe
9574	2993.00656238818	0.5106123677757303	Europe
9576	4077.4715672222	0.6956240716746942	Europe
9577	5313.52672672177	0.9064973319023228	Europe
9578	4525.48335212634	0.7720556977045421	Europe
9579	4184.43348212774	0.7138719690625851	Europe
9581	4544.39025680413	0.7752812500592062	Europe
9582	4355.8897211888	0.7431227155517721	Europe
9583	5121.86507315288	0.8737995049177625	Europe
9584	5255.30085394026	0.896563892016026	Europe
9585	4338.1130849055	0.7400899890426591	Europe
9586	4839.73054432062	0.8256668407236082	Europe
9587	4085.39689049333	0.6969761462513803	Europe
9588	4648.00537145968	0.7929581772321985	Europe
9589	4120.83000495116	0.7030211000775237	Europe
9590	3948.33105102771	0.6735924645347375	Europe
9591	5045.98353446108	0.860853976288193	Europe
9593	4656.20844834294	0.7943576370807148	Europe
9594	3594.26227105691	0.6131876861529297	Europe
9595	3357.30351117189	0.5727620903755696	Europe
9596	3998.83248532715	0.6822081011550367	Europe
9597	5117.58878295805	0.8730699620263042	Europe
9598	4175.9936424454	0.7124321170495617	Europe
9599	4147.66886094231	0.7075998577649436	Europe
9600	3514.79027471675	0.599629618912765	Europe
9601	4575.0708984624	0.7805154233747194	Europe
9602	4439.50964680598	0.7573884270771587	Europe
9644	5366.18987207766	0.9154817603638603	Europe
9645	5501.89977816425	0.9386341173778068	Europe
9647	4034.30483187156	0.6882597480465658	Europe
9649	4808.87545465467	0.8204029062604336	Europe
9651	4729.85014373904	0.8069210443668043	Europe
9653	5062.32476273964	0.8636418195787943	Europe
9656	3731.4405644808	0.6365905527195557	Europe
9660	4870.37430390654	0.8308947218904413	Europe
9663	4652.31866787868	0.7936940334528635	Europe
9664	5498.41945834698	0.9380403684816817	Europe
9665	4849.81323521256	0.8273869661435059	Europe
9666	5129.99969089925	0.8751872855129077	Europe
9667	4492.4901132369	0.7664269910917223	Europe
9668	4793.57701433968	0.8177929644946261	Europe
9669	5129.45770604993	0.8750948219110273	Europe
9670	5054.29527186139	0.8622719738187149	Europe
9671	6243.92610931835	1.0652251601987124	Europe
9672	5443.78111949768	0.9287189684146827	Europe
9673	5040.54405133778	0.8599259905657534	Europe
9676	4906.59577935567	0.8370741715367706	Europe
9677	5275.64525448332	0.9000346837820089	Europe
9678	4802.59233707158	0.8193309949634683	Europe
9679	5563.66337416954	0.949171099285872	Europe
9680	5668.12779946303	0.9669929203997149	Europe
9681	6030.61934787514	1.0288346384097513	Europe
9682	5079.73388717566	0.8666118478977718	Europe
9683	5992.18894662202	1.0222783420003074	Europe
9684	4976.91065571336	0.8490700174390293	Europe
9685	5327.59361821319	0.9088971691970154	Europe
9686	4532.98396340064	0.773335315641457	Europe
9687	4741.14474939443	0.8088479246514203	Europe
9689	5040.58459323614	0.8599329070874129	Europe
9690	4964.64292287424	0.8469771198854653	Europe
9692	5347.60319336693	0.9123108391420907	Europe
9693	5637.44510728213	0.9617583972613084	Europe
9694	4200.3484436262	0.7165870904645589	Europe
9695	4939.26716770628	0.8426479698617946	Europe
9696	5293.75164125237	0.9031236663242426	Europe
9698	4745.24426191744	0.809547308950274	Europe
9699	4716.49555615305	0.804642727415	Europe
9700	5036.65367186748	0.8592622847463812	Europe
9701	4077.39294062375	0.6956106578338729	Europe
9703	4739.38088654524	0.8085470064385522	Europe
9705	4822.54548818583	0.8227350388646968	Europe
9706	4952.84524958937	0.8449644153475155	Europe
9708	4374.50910063921	0.7462992155792572	Europe
9710	5174.66675491886	0.8828075679430419	Europe
9711	4571.73539333165	0.7799463801277238	Europe
9712	4747.99371072755	0.8100163699221579	Europe
9713	4912.54506648953	0.8380891307514186	Europe
9717	5382.65791388624	0.9182912382735242	Europe
9718	4873.86110992552	0.8314895773443851	Europe
9719	4453.13739752878	0.7597133461573473	Europe
9720	5164.10348612147	0.8810054550576686	Europe
9721	3581.45640710667	0.6110029824522375	Europe
9722	4900.36214510828	0.8360107021869513	Europe
9725	5052.46169480467	0.8619591622351398	Europe
9726	4689.59216930297	0.80005296064558	Europe
9728	4937.39090151882	0.8423278754348075	Europe
9730	5852.25987314345	0.9984061873490508	Europe
9731	4878.20410819448	0.8322305007547199	Europe
9732	4716.08769156819	0.8045731449743786	Europe
9733	4229.80164987185	0.7216118610643528	Europe
9736	4911.88722851037	0.8379769023946977	Europe
9738	5205.86587537195	0.8881301946847492	Europe
9743	4783.11421859545	0.8160079924950151	Europe
9744	4766.39461460619	0.8131555976194031	Europe
9748	4738.31790647442	0.8083656601035054	Europe
9749	4403.57435853008	0.7512578014835349	Europe
9754	5515.36093459368	0.9409306151682915	Europe
9755	5601.82119625102	0.9556808931924524	Europe
9756	5084.32271052093	0.8673947095136056	Europe
9757	5171.62991575068	0.8822894776529288	Europe
9768	5457.68926160463	0.9310917227754096	Europe
9769	4912.39937382305	0.8380642753173098	Europe
9770	5481.56914810835	0.9351656748820001	Europe
9771	4146.39802731145	0.707383051234194	Europe
9772	4174.87708312062	0.712241629996258	Europe
9774	5456.19578153881	0.9308369323575677	Europe
9775	4861.92447868053	0.8294531663254908	Europe
9776	4547.0307231005	0.7757317184158629	Europe
9777	3540.85824742231	0.6040768625084083	Europe
9778	5018.90305335246	0.8562339969158975	Europe
9779	3956.41822350785	0.6749721508810982	Europe
9780	4320.04533859531	0.737007598633045	Europe
9781	4999.64459147152	0.852948468262429	Europe
9782	3811.17091342491	0.650192695384239	Europe
9783	4885.86044980472	0.8335366865704253	Europe
9784	5337.61843335492	0.9106074209085747	Europe
9785	4432.16479302534	0.756135381652191	Europe
9786	4445.06013310707	0.7583353501437907	Europe
9787	4684.52609254431	0.7991886787286672	Europe
9788	5458.15619049943	0.9311713816948228	Europe
9789	5005.55252547763	0.8539563725582071	Europe
9791	4873.44357337949	0.8314183448495818	Europe
9792	4455.99728353245	0.7602012479154836	Europe
9793	4413.09449476647	0.7528819540551658	Europe
9794	5409.08750901877	0.9228001753134775	Europe
9795	5101.25051161404	0.8702826231941199	Europe
9796	4184.72330856606	0.7139214139805397	Europe
9797	5550.40456126765	0.9469091216695157	Europe
9798	5550.07882615945	0.9468535506671144	Europe
9799	3936.81731722442	0.6716282005892064	Europe
9800	3333.68976272038	0.5687335419051429	Europe
9801	5789.3339560125	0.9876709113411506	Europe
9802	5323.6123793194	0.9082179625946025	Europe
9803	4187.670990482	0.7144242938811259	Europe
9804	4387.53797790691	0.7485219657578638	Europe
9805	4230.25275883801	0.7216888210751429	Europe
9806	5247.55757207953	0.8952428740353279	Europe
9807	4530.14018198761	0.7728501613557993	Europe
9808	4866.55009189626	0.8302423043601945	Europe
9809	5014.35604112077	0.8554582683521499	Europe
9810	5008.34151532228	0.8544321793025608	Europe
9811	3845.37188229018	0.6560274429293914	Europe
9812	4619.0732364277	0.7880223023299736	Europe
9813	4918.70950994259	0.8391407960257756	Europe
9814	3940.54676912988	0.6722644518730769	Europe
9815	4717.13129947511	0.8047511863830002	Europe
9817	3682.04614230246	0.6281637743822334	Europe
9819	4453.44112875176	0.759765163256876	Europe
9820	4370.27574270178	0.7455769970090617	Europe
9821	5159.08112480778	0.8801486310752439	Europe
9822	4287.4918677487	0.7314539172488511	Europe
9823	4620.39311186604	0.7882474754823513	Europe
9824	5760.59208639603	0.9827674960651558	Europe
9825	4389.94831406031	0.7489331734932191	Europe
9826	4156.22309594783	0.7090592258283379	Europe
9827	5907.46212664414	1.0078237922820825	Europe
9828	4179.93760049494	0.7131049634720823	Europe
9830	4196.72071255684	0.7159681929404916	Europe
9831	4243.37541209074	0.7239275696074982	Europe
9832	3550.48470896895	0.6057191543715139	Europe
9833	4235.74185179623	0.7226252703257255	Europe
9834	3958.43198928433	0.6753157029882656	Europe
9835	3757.87607661566	0.6411004992108773	Europe
9836	5894.87080452518	1.0056756898083417	Europe
9837	4185.56863893681	0.7140656288805621	Europe
9838	4312.19266162798	0.7356679176480267	Europe
9839	4079.81700272744	0.6960242072413333	Europe
9840	5403.78481486054	0.9218955260374785	Europe
9841	3930.06770822919	0.6704767050081659	Europe
9843	3459.28797949628	0.5901608263161666	Europe
9844	5003.40251592294	0.8535895770144697	Europe
9845	3526.13461249893	0.6015649835887398	Europe
9846	4377.18969114845	0.7467565291996683	Europe
9847	4148.4456145392	0.7077323733425138	Europe
9848	4212.92859118181	0.7187332865374512	Europe
9849	5549.30118757081	0.9467208841083407	Europe
9850	4401.5880135405	0.7509189274125273	Europe
9851	4479.52738874913	0.7642155266977909	Europe
9852	3614.89963318991	0.6167084576994406	Europe
9853	4247.23263595755	0.7245856190205611	Europe
9854	4870.00659448866	0.8308319899944019	Europe
9855	3129.33651681264	0.5338705061648042	Europe
9866	3788.23963043803	0.6462805767643842	Europe
9867	4945.51039773827	0.843713076269934	Europe
9868	4627.25481215453	0.7894180940420638	Europe
9869	4128.4255705473	0.7043169173945918	Europe
9870	4688.39456171773	0.7998486466115078	Europe
9871	3502.85361569859	0.5975932031557174	Europe
9873	4180.20468041299	0.7131505277922727	Europe
9874	3809.85223153028	0.6499677258525909	Europe
9875	5446.61566367972	0.9292025468119185	Europe
9876	4311.02021615116	0.7354678963154543	Europe
9877	5080.46992052746	0.8667374165274057	Europe
9878	4465.35626685941	0.7617979075074158	Europe
9879	4108.05268779044	0.7008412665110879	Europe
9880	4649.6359911107	0.7932363639129136	Europe
9881	4977.08744786089	0.8491001785012164	Europe
9882	4873.80017003382	0.8314791808879308	Europe
9883	4752.16432325744	0.8107278840116101	Europe
9885	4557.40688404996	0.7775019103617831	Europe
9886	4740.01970789022	0.8086559905228656	Europe
9887	3863.23572655285	0.6590750472785314	Europe
9888	3792.58824368924	0.6470224581009121	Europe
9890	4728.94405845059	0.8067664645672289	Europe
9891	4887.84599968018	0.8338754249935167	Europe
9892	4621.89982325445	0.7885045231879122	Europe
9894	4519.02643399887	0.7709541357183328	Europe
9895	4267.95800890529	0.7281214053722743	Europe
9897	5010.57589098513	0.8548133678579236	Europe
9898	5199.45948137258	0.8870372522067639	Europe
9899	4244.00740554797	0.7240353888417325	Europe
9900	3895.06829381324	0.6645057411986404	Europe
9901	4993.77602558714	0.8519472802398809	Europe
9902	4478.92886765614	0.7641134179098263	Europe
9903	4041.54994929912	0.6894957782681459	Europe
9904	3657.60241008885	0.6239936291711556	Europe
9906	4615.17861523212	0.7873578728645475	Europe
9918	4410.28014842192	0.7524018214457722	Europe
9925	5226.66419566235	0.8916784259859079	Europe
9933	5149.87190329811	0.8785775211219561	Europe
9938	4967.20969531179	0.8474150159356607	Europe
10020	5158.20546782235	0.879999242399553	Europe
10022	4467.36292540138	0.7621402471074383	Europe
6909	5861.60216883497	1.0	Europe_Control
12766	3055.40430680935	0.8210000765995498	SA
12911	2904.60460801326	0.7804795589100052	SA
12912	2408.90830411005	0.6472838628223636	SA
13172	3007.28168144892	0.8080693233702523	SA
13173	2995.54842031287	0.8049165464136998	SA
13175	2906.70784428447	0.781044707403094	SA
13177	2675.96623567834	0.7190434600008606	SA
13178	2505.12108135823	0.6731366435213274	SA
13179	3038.33783335194	0.8164142429065778	SA
13183	2926.78859394388	0.7864404898767294	SA
13578	3397.83579792436	0.9130128684284328	SA
13580	3178.78717775999	0.8541535765392447	SA
13581	2216.0127056011	0.5954519986076597	SA
13582	2841.88752899349	0.7636272141762566	SA
13583	2853.97968913927	0.7668764288166282	SA
15668	3211.07730938703	0.8628300716532066	SA
15669	2903.16744696567	0.7800933876502711	SA
15670	2688.59163183296	0.7224359574150135	SA
15671	2625.93948092493	0.7056010591398543	SA
15672	2896.1194101096	0.7781995502992488	SA
15673	3003.33625867337	0.8070091715619547	SA
15674	2369.03011321693	0.636568424048864	SA
15675	3017.05377618921	0.8106951266109024	SA
16150	3165.6393734185	0.8506207058329285	SA
16151	2606.76128481223	0.7004477966264521	SA
16292	2980.96851784129	0.8009988648750228	SA
16293	2831.4484826246	0.760822198208522	SA
20681	2795.83077088949	0.7512515682275221	SA
20682	2904.27907392644	0.7803920865222693	SA
20683	2402.66374876819	0.6456059243568809	SA
20684	2579.64194041541	0.6931607139390649	SA
20685	2796.30066821571	0.75137783162905	SA
20686	2902.30183179735	0.7798607931887419	SA
20687	2817.49143589095	0.7570718806443645	SA
22013	2910.21210005011	0.7819863157675265	SA
22609	2782.19151374304	0.7475866420712552	SA
22615	2629.44270103383	0.7065423892189348	SA
22616	2983.92143202197	0.801792325420695	SA
22617	2447.13066819786	0.6575543739210004	SA
22618	2655.31297448497	0.7134938412535157	SA
22619	2739.78051156591	0.736190626179516	SA
22620	1920.58363566899	0.5160689564016089	SA
22622	2853.31310596124	0.7666973150937724	SA
22623	2933.05242110176	0.7881236067607912	SA
22624	2695.03538104359	0.7241674201166027	SA
22626	2775.053266743	0.7456685648725164	SA
22627	2851.86959300822	0.7663094370501495	SA
22628	2990.03717775999	0.803435652200129	SA
22630	2398.29332827632	0.6444315738623814	SA
22631	2861.80239295641	0.7689784224607343	SA
22632	2147.71002901044	0.5770987801521144	SA
22633	2854.52357157403	0.7670225723301409	SA
22634	3050.89395403456	0.8197881257080291	SA
22637	2984.12172796401	0.8018461457885563	SA
22641	2778.88690490737	0.7466986796823922	SA
22642	2717.38395138976	0.7301725756127854	SA
22643	2779.798802281	0.7469437103684892	SA
27158	2671.43241803099	0.7178252039987114	SA
27160	3361.87332269389	0.9033495990361874	SA
27161	2691.41696109592	0.723195135352984	SA
27162	2690.82575136432	0.7230362747943834	SA
27163	3189.59671122561	0.8570581439588498	SA
27165	2641.22013754843	0.7097070362867823	SA
27169	3279.30451188221	0.8811630098996707	SA
27170	2833.73790109604	0.7614373746472775	SA
27172	2654.20552963116	0.7131962661313686	SA
27174	2835.54204771026	0.7619221564829155	SA
27175	2632.13566543198	0.7072660001571776	SA
27177	3007.33802548467	0.8080844632512701	SA
27179	2731.01291598209	0.7338347361161722	SA
27180	2353.23364369682	0.6323238457921959	SA
27181	2932.67011626513	0.7880208798321624	SA
27182	2458.27620829051	0.6605492277442461	SA
2876_A	2926.52810255762	0.786370494738084	SA
2876_AA	2937.80424525938	0.7894004420354875	SA
2876_AB	2586.41425719347	0.6949804641374764	SA
2876_AC	2717.63333789311	0.7302395868223647	SA
2876_AD	2650.39909007312	0.7121734597021973	SA
2876_AE	2464.8263078183	0.66230926722644	SA
2876_AF	3121.07069249921	0.8386449125255975	SA
2876_AK	3072.45347038549	0.8255812590541186	SA
2876_AL	2935.5289278957	0.7887890546241042	SA
2876_AN	3098.81036027343	0.8326634669860441	SA
2876_AO	2591.85604110108	0.696442694518912	SA
2876_AP	3013.4588708299	0.8097291603167579	SA
2876_AR	3024.6280739192	0.8127303724874139	SA
2876_AS	2976.05362003567	0.7996782110205067	SA
2876_AT	3034.77450247269	0.8154567608089406	SA
2876_AU	2474.5761025669	0.6649290783648846	SA
2876_AV	2744.99535752346	0.737591877372709	SA
2876_AW	2571.61575136432	0.691004042950855	SA
2876_B	3133.98211115093	0.8421142653960005	SA
2876_C	3074.22333789311	0.8260568299486444	SA
2876_D	2931.37733806249	0.7876735048543146	SA
2876_E	2604.72630929084	0.6999009900859181	SA
2876_F	2650.96267837719	0.7123248982662461	SA
2876_G	2926.51689414039	0.7863674829889076	SA
2876_H	3031.10147325178	0.8144698023023368	SA
2876_J	2981.52262743318	0.8011477564689674	SA
2876_K	3013.2259904692	0.8096665843776106	SA
2876_L	3133.65909894256	0.8420274706476841	SA
2876_M	3028.04342336727	0.8136480913478052	SA
2876_N	2780.0814623156	0.7470196623168258	SA
2876_O	2837.56220570734	0.7624649814919167	SA
2876_P	2858.00464145674	0.7679579505496401	SA
2876_Q	3115.73802135011	0.8372120012044562	SA
2876_S	2892.2659024868	0.7771640964817474	SA
2876_U	2812.48585551564	0.7557268599993402	SA
2876_V	3238.04101651902	0.8700753339484244	SA
2876_W	2945.39669369873	0.7914405650844708	SA
2876_X	2809.31840138005	0.7548757516592264	SA
2876_Y	2862.13836647331	0.7690686999675426	SA
2876_Z	2536.09337113662	0.6814590289496164	SA
3536_AE	2564.19782088405	0.6890108136165443	SA
3536_W	3245.98072968153	0.8722087684991554	SA
3536_X	3499.31852230508	0.9402817062396576	SA
3541_AB	2909.90147693667	0.7819028500214845	SA
3541_AF	2355.74818658345	0.6329995141146944	SA
3541_F	2951.45501427912	0.7930684614808593	SA
3541_H	2640.60077976082	0.7095406122263275	SA
3541_L	3028.43267844383	0.8137526858353368	SA
3541_N	2732.61176581649	0.7342643538376594	SA
3541_Y	2427.07506129734	0.6521653474131561	SA
35516	2895.6976485181	0.7780862211734907	SA
35517	2777.98177757997	0.7464554681363879	SA
35518	2386.51429625195	0.6412664980743018	SA
35519	2528.98968734284	0.6795502390307717	SA
3619_P	2564.02114385792	0.6889633397514119	SA
3968_A	2955.99763249108	0.7942890822319887	SA
3968_AA	2839.43860316833	0.7629691774360575	SA
3968_AB	2658.32074921087	0.714302043060018	SA
3968_AC	2786.39217493382	0.7487153775226366	SA
3968_AD	2687.27591265416	0.7220824180997187	SA
3968_AE	3272.81535752346	0.8794193466424949	SA
3968_AF	2967.87921658473	0.7974817141953825	SA
3968_AG	3241.88196705161	0.8711074136226081	SA
3968_AH	3155.32824621923	0.847850062287797	SA
3968_AI	3197.36802548467	0.8591463290110697	SA
3968_AJ	2612.41814360334	0.7019678185399069	SA
3968_AK	3407.02543845589	0.9154821637565482	SA
3968_AL	2894.80211898293	0.7778455885949043	SA
3968_AM	2395.94604110108	0.6438008478578463	SA
3968_AN	3025.15731720159	0.8128725823986894	SA
3968_AO	3097.81733433905	0.8323966367121015	SA
3968_AP	2987.04505317093	0.8026316556516725	SA
3968_AR	2434.0038969217	0.6540271548884115	SA
3968_B	2879.99143202197	0.7738658942865796	SA
3968_C	2894.48463384105	0.7777602789927603	SA
3968_E	2745.76384489924	0.7377983731850555	SA
3968_F	2947.92630588971	0.7921202825928652	SA
3968_G	2829.02517115905	0.7601710441552247	SA
3968_H	2890.33207880277	0.776644469868281	SA
3968_I	2829.60029821612	0.7603255832310704	SA
3968_J	2819.2312507111	0.7575393762544966	SA
3968_K	2463.28008738914	0.6618937912490217	SA
3968_L	2530.55226434686	0.6799701100891236	SA
3968_M	2429.96070015089	0.6529407307935234	SA
3968_R	2363.5488708299	0.635095591006905	SA
3968_S	2434.77000815823	0.6542330122220786	SA
3968_T	2923.36489669233	0.7855205279261909	SA
3968_U	2832.51206496079	0.761107987286431	SA
3968_V	2705.73320960448	0.7270419719552468	SA
3968_W	2578.47921731202	0.6928482853171571	SA
3968_X	2998.32664756529	0.8056630678419653	SA
3968_Y	2608.11440136585	0.7008113847747356	SA
3968_Z	2791.6280931481	0.750122290920452	SA
6909	3721.56397288578	1.0	SA_Control
