Accession_ID	Latitude	Longitude	Mg_blues	Accession_ID	chr5_21405867	chr5_21392702	chr5_282011
88	47.4	0.683333	4381.237684	88	0	0	1
108	48.5167	-4.06667	4249.456382	108	0	0	1
139	48.5167	-4.06667	4489.038748	139	0	0	1
159	47.35	3.93333	4812.735886	159	.	0	1
265	44.65	-1.16667	3798.743649	265	1	0	1
350	46.6667	4.11667	5330.870503	350	0	0	1
351	46.6667	4.11667	5287.275351	351	0	0	.
403	49.3667	16.2667	6134.523541	403	0	0	0
410	49.4211	16.3497	5450.874043	410	0	0	0
424	49.4112	16.2815	5413.652332	424	0	0	0
428	49.403	16.232	4840.907365	428	1	0	0
430	47	15.5	4348.432268	430	0	0	1
991	55.3833	14.05	5370.420327	991	0	0	0
992	55.3833	14.05	5148.493601	992	0	0	0
997	55.3833	14.05	5990.777603	997	0	0	1
1002	55.3833	14.05	4522.997789	1002	0	0	1
1061	55.7167	14.1333	4817.26328	1061	0	1	1
1062	55.7167	14.1333	5363.207207	1062	0	1	1
1063	55.7167	14.1333	5731.589372	1063	0	0	1
1066	55.7167	14.1333	4919.081178	1066	0	0	1
1158	56.7	16.5167	4506.017524	1158	0	0	1
1254	59.4333	17.0167	4675.515713	1254	0	0	1
1257	59.4333	17.0167	5080.701842	1257	0	0	1
1317	59.5667	16.8667	4563.514158	1317	0	0	1
1552	63.0833	18.3667	5342.170373	1552	0	0	1
4779	50.4	-4.9	4412.419945	4779	0	0	.
4807	50.4	-4.9	5507.20134	4807	0	0	1
4884	50.3	-4.9	5304.425473	4884	0	0	1
4900	50.3	-4.8	5286.407945	4900	0	0	1
4958	50.5	-4.5	3835.843287	4958	0	0	1
5104	51.3	0.5	4683.615542	5104	0	0	1
5151	52.2	-1.7	4137.361825	5151	.	0	1
5165	51.3	0.4	4558.798956	5165	0	0	1
5210	51.2	0.3	4465.933959	5210	0	0	1
5236	51.2	0.4	4586.636971	5236	.	0	1
5253	51.1	0.6	4432.030961	5253	0	0	1
5276	51.3	1.1	5924.87374	5276	0	0	1
5349	51.1	0.4	5658.329464	5349	0	0	1
5353	54.5	-3	4944.826713	5353	0	0	1
5486	54.6	-3.3	4568.134381	5486	0	0	1
5577	54.7	-3.4	5393.238746	5577	0	0	1
5644	54.4	-2.9	5150.912977	5644	0	0	1
5720	53.3	-1.6	5434.787046	5720	0	0	.
5726	51.3	1.1	4953.305426	5726	.	0	1
5741	56.6	-4.1	5467.937712	5741	0	0	1
5748	56	-4.4	5149.933513	5748	0	0	1
5757	54.6	-2.3	3889.907806	5757	0	.	1
5768	54.1	-1.5	4013.224293	5768	0	0	1
5772	54.1	-2.3	5310.093441	5772	0	0	1
5779	51	-3.1	4140.711174	5779	0	0	1
5784	56.4	-5.2	4351.7875	5784	0	0	1
5800	57.4	-5.5	4575.604335	5800	0	0	1
5811	52.9	-3.1	4595.837025	5811	0	0	1
5822	56.7333	-5.98333	4511.862696	5822	0	0	1
5830	56.3333	15.9667	5504.772626	5830	0	0	0
5831	56.3333	15.9667	5807.750996	5831	0	0	0
5832	56.3333	15.9667	4414.305308	5832	0	0	1
5837	49.4013	16.2326	4878.815579	5837	0	0	0
5865	55.76	14.12	5255.42006	5865	0	1	0
5867	55.76	14.12	5784.602577	5867	0	1	1
5874	49.4112	16.2815	5001.327748	5874	0	0	0
5890	49.4112	16.2815	5097.670431	5890	.	0	1
5893	49.4112	16.2815	5497.848717	5893	0	0	0
5907	49.4112	16.2815	6020.164331	5907	0	1	0
5921	49.4112	16.2815	4680.214355	5921	0	0	1
5950	49.4112	16.2815	5212.387704	5950	0	0	1
5984	49.4112	16.2815	6477.082911	5984	0	1	1
5993	49.4112	16.2815	5538.646416	5993	0	0	0
6008	49.1	16.2	5893.334513	6008	0	0	0
6009	62.877	18.177	4254.439354	6009	0	0	1
6011	62.877	18.177	5020.478798	6011	0	0	1
6012	62.877	18.177	5542.892737	6012	0	0	1
6013	62.877	18.177	4798.738654	6013	0	0	.
6019	56.06	14.29	5570.3097	6019	0	0	.
6020	56.06	14.29	5744.526558	6020	0	0	.
6021	56.06	14.29	6168.601138	6021	0	1	0
6023	55.7509	13.3712	5577.211801	6023	0	0	1
6024	55.7509	13.3712	4716.055077	6024	0	0	1
6025	62.6437	17.7339	5274.90879	6025	0	0	1
6034	56.1	13.74	4598.287862	6034	0	0	1
6038	56.1	13.74	5447.611398	6038	0	0	1
6039	56.1	13.74	4498.853634	6039	.	0	.
6040	55.66	13.4	4834.680897	6040	0	0	1
6041	56.0328	14.775	5357.436479	6041	0	0	1
6042	56.09	13.9	4496.753976	6042	0	0	1
6043	62.801	18.079	5684.655955	6043	.	1	1
6069	62.9513	18.2763	4609.722286	6069	0	0	1
6070	62.9308	18.3448	4744.708727	6070	0	0	1
6071	62.9308	18.3448	5219.470283	6071	0	0	1
6073	56.1481	15.8155	4924.75472	6073	0	0	1
6074	56.4573	16.1308	4380.371804	6074	.	0	1
6076	55.6942	13.4504	5377.402328	6076	.	0	1
6085	55.7097	13.2145	4770.772347	6085	0	0	1
6086	58.9	11.2	4395.055908	6086	0	0	1
6088	56.4666	16.1284	4914.384614	6088	0	0	.
6090	55.6525	13.2197	4031.684508	6090	0	1	1
6092	55.6514	13.2233	4969.916601	6092	.	0	1
6094	55.6494	13.2147	4470.017746	6094	0	0	1
6097	55.6481	13.2264	5278.847196	6097	0	0	1
6098	55.6561	13.2178	5251.485422	6098	0	0	1
6099	55.6575	13.2386	5461.654737	6099	0	0	1
6100	55.6	13.2	4709.145853	6100	0	0	1
6102	55.6	13.2	4594.384995	6102	0	1	1
6104	55.7	13.2	5080.224374	6104	0	0	1
6105	55.7967	13.1211	4845.817583	6105	0	0	1
6106	55.7931	13.1186	3965.166939	6106	0	0	1
6107	55.7942	13.1222	5125.663479	6107	0	0	1
6108	55.7989	13.1206	5173.897008	6108	0	0	1
6109	55.7936	13.1233	5071.25944	6109	0	0	1
6111	55.7989	13.1219	6099.590911	6111	0	1	1
6112	55.7967	13.1044	5748.559717	6112	0	0	0
6113	55.8078	13.1028	5434.821018	6113	0	0	1
6114	55.8097	13.1342	5896.898754	6114	0	0	1
6115	55.8	13.1367	5704.726861	6115	0	0	1
6118	55.7	13.2	5102.840942	6118	0	0	0
6122	55.8364	13.3075	5436.684361	6122	0	0	1
6124	55.8378	13.3092	4925.549813	6124	0	0	1
6125	55.8403	13.3106	5034.01759	6125	0	0	1
6126	55.8411	13.3047	4877.398661	6126	0	0	1
6128	55.8397	13.2881	5243.687623	6128	0	0	1
6131	55.8369	13.3181	5135.249928	6131	0	0	0
6132	55.8386	13.3186	4907.860873	6132	0	0	1
6133	55.8364	13.2906	5335.813624	6133	0	0	1
6134	55.8383	13.2906	5820.961459	6134	0	0	1
6136	55.9336	13.5519	5187.389556	6136	0	0	1
6137	55.9419	13.5603	5082.679479	6137	0	1	1
6138	55.9403	13.5511	4186.104589	6138	0	0	1
6140	55.9392	13.5539	5052.360248	6140	0	0	1
6142	55.9428	13.5558	4869.2822	6142	0	0	1
6145	55.9497	13.5533	5214.832081	6145	0	1	1
6148	55.9319	13.5508	5044.618788	6148	0	0	1
6149	55.9281	13.5481	4794.005513	6149	0	0	1
6150	55.9261	13.5319	4951.197691	6150	0	0	1
6151	55.6528	13.2244	4853.319795	6151	0	0	1
6153	62.6425	17.7422	5239.928094	6153	0	0	1
6154	62.6422	17.7406	5155.743473	6154	0	0	1
6163	62.6425	17.7356	4708.628847	6163	0	0	1
6166	62.6425	17.7372	4908.10073	6166	0	0	1
6169	62.8714	18.3447	4599.220428	6169	0	0	1
6172	62.8717	18.3436	4322.134396	6172	0	0	1
6173	62.8717	18.3419	4616.300498	6173	0	0	1
6174	62.8719	18.3422	4395.142497	6174	0	0	1
6177	62.6322	17.69	5541.13316	6177	0	0	1
6180	62.6322	17.6906	5181.99973	6180	0	0	0
6184	62.8892	18.4522	3764.99035	6184	0	0	1
6188	55.7683	14.1386	4290.552697	6188	0	0	1
6189	55.7686	14.1383	5812.77263	6189	0	.	1
6191	55.7689	14.1375	5405.895817	6191	0	1	1
6192	55.7692	14.1369	4908.858125	6192	0	1	1
6193	55.7694	14.1347	4923.502259	6193	0	0	1
6194	55.7706	14.1342	4565.556089	6194	0	1	1
6195	55.7708	14.1342	4431.145926	6195	0	0	1
6198	55.7708	14.1331	4164.655445	6198	0	0	1
6201	55.7719	14.1211	4764.137489	6201	0	0	1
6202	55.7717	14.1206	4952.734439	6202	0	0	1
6203	55.7714	14.1208	6715.415284	6203	0	1	0
6209	62.8836	18.1842	4867.07579	6209	0	0	1
6210	62.8839	18.1836	5509.130216	6210	0	0	1
6216	63.0167	18.3283	5069.99799	6216	0	0	0
6217	63.0169	18.3283	4499.54529	6217	0	0	0
6218	63.0172	18.3283	5297.38614	6218	0	0	0
6220	62.806	18.1896	5179.635483	6220	0	0	1
6221	62.806	18.1896	5080.495662	6221	0	0	1
6235	62.9611	18.3589	4986.001496	6235	0	0	1
6237	62.9619	18.35	5510.395934	6237	0	0	1
6238	62.9619	18.35	4151.48625	6238	0	0	1
6240	62.9622	18.35	4426.929265	6240	0	0	.
6242	55.7	13.2	5060.640949	6242	0	1	1
6243	56.27373	13.90045	5262.262277	6243	.	0	0
6244	62.9169	18.4728	5014.138792	6244	0	0	1
6252	55.5796	14.3336	4396.616815	6252	0	0	1
6258	55.5796	14.3336	5024.331037	6258	0	1	1
6268	55.5796	14.3336	3957.968221	6268	0	0	1
6276	55.5796	14.3336	4041.201027	6276	0	0	1
6284	55.5796	14.3336	6879.390064	6284	0	1	1
6296	49.2771	16.6314	4972.412844	6296	.	0	1
6390	49.2771	16.6314	4846.38711	6390	0	0	1
6396	49.2771	16.6314	5682.083534	6396	0	0	.
6413	56.06	13.97	4994.377768	6413	0	0	1
6424	49.3853	16.2544	4959.432695	6424	0	0	.
6434	49.3853	16.2544	4357.691712	6434	0	0	1
6445	49.3853	16.2544	5845.067896	6445	0	1	.
6897	45	1.3	4424.175777	6897	0	.	1
6898	51.2167	4.4	5245.402784	6898	.	0	0
6903	49.4013	16.2326	5189.158317	6903	0	0	0
6904	49.2	16.6166	5248.368822	6904	0	0	1
6907	51.4083	-0.6383	4835.034394	6907	0	0	1
6908	51.4083	-0.6383	5088.963834	6908	0	0	1
6913	62.877	18.177	4807.799884	6913	0	0	1
6915	50.3	6.3	4884.56696	6915	0	1	1
6918	63.0165	18.3174	4895.908729	6918	0	0	0
6919	50.3	8	4864.06088	6919	0	0	1
6920	51.5338	9.9355	5088.002632	6920	0	0	1
6923	51.4083	-0.6383	4911.987923	6923	0	0	1
6924	51.4083	-0.6383	4743.053782	6924	0	0	1
6932	47.984	10.8719	4494.767772	6932	0	0	1
6933	41.59	2.49	4940.187342	6933	0	0	1
6938	55.7522	37.6322	5140.675064	6938	0	0	1
6940	50.3	8.3	4621.340687	6940	0	0	1
6943	51.4083	-0.6383	4858.601676	6943	0	0	1
6944	51.4083	-0.6383	5465.546985	6944	0	0	1
6945	52.24	4.45	4760.899778	6945	0	0	1
6951	49.42	16.36	3699.0889	6951	1	0	1
6956	49.42	16.36	5540.576013	6956	0	0	0
6957	49.42	16.36	5276.672616	6957	0	0	0
6958	46	3.3	4905.91199	6958	0	0	0
6959	48.5	-1.41	3935.797221	6959	1	0	1
6960	48.5	-1.41	4278.246024	6960	.	0	.
6961	38.3333	-3.53333	3778.068535	6961	0	.	1
6966	51.4083	-0.6383	4994.053759	6966	0	0	1
6967	51.4083	-0.6383	4840.37944	6967	0	0	1
6969	60	23.5	4051.240262	6969	0	0	1
6971	41.7194	2.93056	4043.961363	6971	0	0	1
6973	56.0648	13.9707	4732.185422	6973	0	0	1
6974	56.0648	13.9707	5655.837789	6974	0	0	0
6975	48.3	14.45	4635.682864	6975	0	0	0
6976	48.3	14.45	4157.61506	6976	0	0	0
6979	47.25	8.26	4279.162009	6979	0	0	1
6981	52.3	30	5450.199519	6981	0	0	1
6984	49.3853	16.2544	5550.959678	6984	0	0	0
6986	57.1539	-2.2207	5367.454863	6986	0	0	1
6987	48.0683	7.62551	4659.107407	6987	0	0	1
6989	54.8	-2.4333	4278.834211	6989	0	0	1
6992	50.3	5.3	4330.175581	6992	0	0	1
6997	51.8333	5.5833	5255.380885	6997	0	0	1
7000	50.9167	9.57073	5447.375183	7000	0	0	0
7002	51.3333	6.1	5538.457786	7002	0	0	1
7003	47.5	7.5	5789.128487	7003	0	0	0
7008	52	5.675	5283.272468	7008	.	0	1
7013	52.4584	13.287	5485.047685	7013	.	1	1
7014	56.5459	-4.79821	4738.561709	7014	0	0	1
7025	44.5041	11.3396	4460.202716	7025	1	0	1
7026	54.4	-3.2667	5241.186103	7026	0	0	1
7028	49.5166	9.3166	6300.326698	7028	0	1	0
7031	50.0167	8.6667	5492.984452	7031	0	0	1
7036	50.5	9.5	4401.625859	7036	0	0	1
7058	54.1	-6.2	5304.854407	7058	0	0	1
7061	53.2699	-1.64293	4442.990446	7061	0	0	1
7062	50.2981	8.26607	4800.96422	7062	.	0	0
7064	51.3	1.1	5560.121658	7064	0	0	1
7067	37.3	15	4366.534433	7067	0	0	1
7071	48.0717	1.33867	4979.171823	7071	.	0	1
7072	53.7502	34.7361	5321.668509	7072	0	0	0
7077	40.12	-8.25	5300.202298	7077	0	0	0
7081	40.2077	-8.42639	4796.319315	7081	0	0	0
7092	49.416	2.823	4551.475389	7092	0	0	1
7096	47.3239	5.04278	4787.561068	7096	0	0	1
7102	50.7224	8.2372	4576.606739	7102	1	0	1
7103	49.4167	16.2667	5569.073454	7103	0	1	1
7106	51.051	13.7336	5298.383994	7106	0	1	0
7107	54.7761	-1.5733	4708.568053	7107	0	0	1
7109	51.3	0.5	4930.019488	7109	0	0	1
7111	55.9494	-3.16028	5131.258269	7111	0	0	1
7117	51.5105	9.68253	5194.975497	7117	0	0	1
7119	50	8.5	5054.540441	7119	.	0	1
7120	50	8.5	3642.807932	7120	0	0	1
7126	60.1997	24.5682	4578.158142	7126	0	0	1
7127	58.6656	24.9871	5301.525181	7127	0	0	0
7130	44.6447	2.56481	4817.407549	7130	0	0	1
7133	50.1102	8.6822	4130.984665	7133	0	0	1
7143	51.0167	5.86667	5446.303677	7143	0	0	1
7147	50.584	8.67825	5234.871805	7147	0	1	0
7158	47	15.5	5619.545574	7158	0	1	1
7161	53.5	10.5	5189.892849	7161	.	0	.
7162	52.24	9.44	4693.083719	7162	0	0	1
7163	52.3721	9.73569	5163.14589	7163	.	0	0
7165	51.3472	8.28844	4725.432886	7165	0	0	1
7169	54.4175	9.88682	5059.35655	7169	0	0	0
7177	49	15	5624.745627	7177	0	0	0
7181	50.927	11.587	4969.165791	7181	0	0	1
7186	54.8969	23.8924	5428.423188	7186	0	0	1
7192	55.6395	-5.66364	4218.748241	7192	0	0	1
7199	50.95	6.9666	4126.326013	7199	.	0	1
7202	50.1797	8.50861	4029.234202	7202	1	0	1
7203	49.631	11.5722	5616.613768	7203	0	0	0
7208	55.6739	-3.78181	5584.688039	7208	0	0	0
7209	52.7333	15.2333	4989.998532	7209	0	0	1
7213	47.984	10.8719	4638.370114	7213	0	0	1
7217	48	0.5	4943.159362	7217	0	0	1
7223	50.3833	8.0666	4257.842617	7223	0	0	1
7231	50.3833	8.0666	4466.444369	7231	0	.	0
7244	50.001	8.26664	4907.589569	7244	.	0	0
7255	50.95	20.5	5420.292854	7255	0	0	0
7258	50.5	8.5	4416.448247	7258	0	0	1
7268	52.6969	10.981	4491.885973	7268	0	0	1
7273	51.0581	13.2995	4919.945376	7273	0	0	1
7276	50.2	8.5833	4452.857517	7276	0	.	1
7282	50.3827	8.01161	4637.764187	7282	0	0	1
7287	53.3422	8.42255	5707.377416	7287	0	0	1
7288	60.385543	6.193019	4438.727741	7288	0	1	1
7296	59	29	4600.376654	7296	0	0	1
7298	47.04	10.51	4591.439856	7298	0	0	0
7305	53.476	10.6065	5293.410693	7305	0	0	1
7314	54.3512	-3.41697	4905.901269	7314	0	0	0
7316	51.9667	5.56667	4444.623284	7316	0	0	1
7322	56.3	34	5379.479428	7322	0	0	0
7327	41.7833	3.03333	4366.084708	7327	0	0	.
7328	41.7833	3.03333	4188.509024	7328	0	0	1
7337	50.8738	8.02341	5047.343076	7337	.	0	0
7342	53.6473	-3.00733	5133.749288	7342	0	0	1
7343	52.5339	13.181	4835.520094	7343	0	1	.
7346	52.6058	11.8558	5965.315467	7346	0	1	0
7347	52	36	4780.938019	7347	0	0	.
7349	49.5	14.5	5049.162576	7349	0	0	0
7353	52.08	4.3	5614.329697	7353	0	0	1
7354	56.5	14.9	4971.925599	7354	.	0	1
7372	47.0748	9.9042	4841.964718	7372	0	0	1
7378	48.0333	7.7667	4995.1884	7378	.	0	1
7384	52.0333	5.55	4315.548278	7384	0	0	1
7387	54.9902	-2.3671	4814.47624	7387	0	0	1
7394	52.3	21	4158.664963	7394	0	0	1
7396	52.3	30	4878.495677	7396	0	0	0
7404	52.6	10.0667	5417.671585	7404	0	0	.
7411	47.9299	10.8134	5059.428894	7411	0	0	1
7413	54.6833	25.3167	5568.054511	7413	0	0	0
7419	50.3058	8.32213	4380.576971	7419	0	0	0
7430	48.6167	6.25	4908.061884	7430	.	0	0
7461	49	15	5215.842165	7461	0	0	1
7520	49.38	16.81	5238.477366	7520	0	0	0
7521	49.38	16.81	5403.507577	7521	0	0	0
8214	49	2	5382.41614	8214	0	0	1
8222	56.0328	14.775	4985.843396	8222	0	0	1
8227	62.7989	17.9103	5062.178015	8227	0	0	1
8230	56.68	16.5	5917.309987	8230	0	0	0
8234	56.4606	15.8127	3962.426446	8234	1	0	1
8235	48.8	17.1	4915.554845	8235	0	0	.
8236	49.33	15.76	5008.205104	8236	0	1	.
8237	55.8	13.1	5190.132915	8237	.	0	1
8238	51.15	0.4	4672.852476	8238	0	0	0
8240	55.705	13.196	3867.955987	8240	0	0	1
8241	55.9473	13.821	7218.969589	8241	0	1	1
8242	56.1494	15.7884	5337.617457	8242	0	1	1
8243	43.7703	11.2547	5747.92205	8243	0	0	.
8244	48.6103	2.3086	3839.999189	8244	0	0	1
8256	56.4	12.9	5375.225405	8256	0	0	1
8258	56.4	12.9	5354.721318	8258	0	0	1
8259	56.4	12.9	4954.443944	8259	0	0	1
8264	41.6833	2.8	4957.026428	8264	0	0	1
8283	55.76	14.12	5379.356333	8283	0	0	1
8284	49.4112	16.2815	5693.454356	8284	0	0	1
8285	49.4112	16.2815	5549.422115	8285	0	1	0
8290	50	8.5	4714.729587	8290	0	0	1
8297	46.5	6.08	4815.686748	8297	0	0	1
8306	56.1	13.74	4289.982881	8306	0	0	1
8307	56.1	13.74	4211.819762	8307	0	0	1
8311	47.5	11.5	5256.637533	8311	0	0	0
8312	50.5	7.5	5414.810301	8312	0	0	1
8326	56.0328	14.775	5616.055162	8326	0	0	1
8334	55.71	13.2	5126.21644	8334	0	0	1
8335	55.71	13.2	4682.945803	8335	.	0	1
8337	44	12.37	4714.635207	8337	0	0	1
8343	47.5	1.5	5050.896384	8343	.	0	1
8351	60.25	18.37	5017.47732	8351	0	0	1
8357	41.5	2.25	4527.206714	8357	0	0	1
8365	49	16	5762.623167	8365	0	0	0
8366	50.5	8.5	4838.067922	8366	0	0	1
8376	62.69	18	5400.839547	8376	.	0	1
8386	58.9	11.2	5545.931677	8386	.	0	0
8419	54.6833	25.3167	5373.885559	8419	0	.	1
8422	56.06	14.29	4389.09164	8422	0	0	1
8426	56.06	13.97	4322.929902	8426	0	0	1
9057	56.1	13.9167	5315.811103	9057	0	1	1
9058	57.75	16.6333	4196.5316	9058	0	0	1
9298	55.9681	-3.21833	5084.671086	9298	0	0	1
9321	62.8622	18.336	5331.349824	9321	0	0	1
9323	62.8622	18.336	4540.969176	9323	0	0	1
9332	62.8698	18.381	4773.59444	9332	0	0	1
9336	62.8794	18.4473	4550.279911	9336	0	0	1
9339	57.7133	15.0689	4790.56918	9339	.	0	1
9343	57.3089	18.1512	4214.15748	9343	0	0	1
9352	57.2608	16.3675	4375.400122	9352	0	0	1
9353	57.2608	16.3675	4287.89429	9353	0	0	1
9363	62.9147	18.4045	5013.614813	9363	0	0	1
9369	57.6781	14.9986	5179.522208	9369	0	1	1
9371	63.016	18.3175	4928.055901	9371	0	0	0
9380	55.7488	13.3742	5981.329355	9380	0	0	1
9381	55.8106	14.2091	4643.294465	9381	0	0	1
9382	55.8106	14.2091	5287.483082	9382	0	0	0
9383	55.8106	14.2091	4387.838801	9383	0	0	1
9386	62.806	18.1896	3942.051765	9386	0	0	1
9388	62.806	18.1896	5449.578149	9388	0	0	1
9390	57.3263	15.8979	5182.994659	9390	0	1	.
9391	57.3263	15.8979	4584.935559	9391	0	0	1
9392	57.3263	15.8979	4789.646793	9392	0	1	0
9394	56.5804	16.4063	4423.113401	9394	0	0	1
9399	55.4234	13.9905	6492.298086	9399	0	0	0
9402	57.8765	14.8549	5040.718191	9402	0	1	1
9404	55.7491	13.399	5227.999946	9404	0	0	1
9405	55.7491	13.399	6150.089773	9405	0	1	1
9408	56.047	13.9519	6082.480435	9408	0	1	1
9409	56.0573	14.302	4742.317956	9409	0	1	1
9412	57.2746	16.1494	4951.43891	9412	0	0	1
9413	57.2746	16.1494	5962.797029	9413	0	0	1
9416	57.7215	18.3837	5648.629698	9416	0	0	1
9421	55.9745	14.3997	6617.198369	9421	0	1	0
9427	62.8815	18.4055	4585.278988	9427	0	0	1
9433	62.9513	18.2763	3701.42271	9433	0	0	1
9436	56.1633	14.6806	5416.516591	9436	0	0	1
9442	55.5678	14.3398	3237.538607	9442	0	0	1
9451	57.2545	18.2109	3173.989362	9451	0	0	1
9452	57.2545	18.2109	4863.943757	9452	0	0	1
9453	57.8009	18.5162	4613.846052	9453	0	0	1
9454	57.8009	18.5162	4343.541907	9454	0	0	1
9455	57.8009	18.5162	4456.854609	9455	0	0	1
9470	57.6511	14.8043	5438.800892	9470	0	0	0
9476	55.5796	14.3336	3084.170198	9476	0	0	1
9481	55.4242	13.8484	5191.436922	9481	0	0	1
9506	40.11	-7.47	3939.944785	9506	1	0	1
9507	38.45	-7.5	3339.697849	9507	.	0	1
9508	40.04	-7.11	3960.95018	9508	0	0	.
9509	39.29	-7.4	4964.251353	9509	0	0	0
9510	38.75	-7.59	3603.583989	9510	1	0	1
9511	38.53	-8.02	3605.787472	9511	0	0	1
9512	38.22	-7.84	3638.734608	9512	1	0	1
9513	38.77	-4.07	4199.96876	9513	0	0	1
9514	39.15	-4.54	3835.258528	9514	0	0	1
9515	39.72	-6.89	3165.071233	9515	1	0	1
9517	42.19	-7.8	4458.757759	9517	.	0	1
9518	39.88	-0.36	4346.893363	9518	0	0	1
9519	41.94	2.64	4286.539424	9519	0	0	1
9520	41.7	-3.68	5539.747801	9520	0	0	0
9521	41.43	2.13	5007.772549	9521	0	0	1
9523	38.37	-2.66	3922.711567	9523	0	0	1
9524	42.52	-0.56	5040.706935	9524	0	0	1
9525	42.49	0.54	5607.510382	9525	0	0	1
9526	41.54	2.39	4763.543922	9526	0	0	1
9527	40.37	-5.74	4267.437974	9527	0	.	1
9528	40.94	-1.37	3858.601143	9528	.	0	1
9529	36.97	-3.36	3855.394476	9529	1	0	1
9530	38.25	-4.32	3693.930287	9530	.	0	1
9531	41.21	-4.54	4865.974405	9531	0	0	1
9532	42.23	-4.64	4463.734879	9532	0	0	1
9533	41.15	-4.32	5489.246247	9533	0	0	1
9534	40.05	-4.65	4427.197498	9534	0	0	0
9535	42.31	3.19	4949.17102	9535	0	0	1
9536	40.83	-2	4321.431971	9536	0	0	1
9537	38.07	-6.66	4346.584649	9537	0	0	1
9539	40.29	-6.67	4196.20595	9539	0	0	0
9540	41.81	2.34	4749.653997	9540	0	0	1
9541	38.26	-5.42	4445.738078	9541	0	0	1
9542	40.79	-4.05	5102.072097	9542	0	0	1
9543	36.77	-5.39	4584.124048	9543	0	0	1
9544	39.4	-5.33	3724.272824	9544	0	0	1
9545	39.4	-5.78	4008.839915	9545	.	0	1
9546	40.82	-1.68	5143.000719	9546	0	0	1
9547	41.67	2.62	3620.596177	9547	0	0	.
9548	40.4	-5	3794.877287	9548	1	0	1
9549	42.23	-3.69	4809.265261	9549	0	0	1
9550	43.05	-5.37	5208.58194	9550	0	0	1
9551	42.28	-5.92	4267.980643	9551	0	0	1
9552	40.87	-4.5	5046.880837	9552	0	0	1
9553	41.58	-4.71	4338.155812	9553	0	0	0
9554	38.86	-3.16	4415.454257	9554	0	0	1
9555	39.58	-3.93	4719.231686	9555	0	0	1
9556	39.66	-4.34	3736.437227	9556	.	0	0
9557	42.46	0.7	5026.983405	9557	0	0	1
9558	41.57	-5.64	5232.866722	9558	0	0	1
9559	38.06	-4.38	4950.823354	9559	0	0	.
9560	38.19	-6.24	4736.025923	9560	0	0	1
9561	40.71	-5.04	4258.398789	9561	0	0	0
9562	41.67	2	4803.32036	9562	0	0	1
9564	40.45	-1.6	5788.78846	9564	0	0	1
9565	42.97	-1.23	5446.123493	9565	0	1	1
9567	42.34	1.3	4997.74126	9567	0	0	.
9568	42.76	-0.23	4825.623697	9568	0	0	1
9569	42.87	-6.45	4629.525909	9569	0	0	1
9571	43.28	-6.01	4662.644239	9571	0	0	1
9573	41.86	2.99	3814.002356	9573	0	0	1
9574	38.6	-2.7	2993.006562	9574	1	0	1
9576	40.86	-4.11	4077.471567	9576	.	0	1
9577	42.34	2.17	5313.526727	9577	0	0	.
9578	42.13	-6.7	4525.483352	9578	0	0	1
9579	38.33	-3.51	4184.433482	9579	1	0	1
9581	42.84	-5.12	4544.390257	9581	0	0	1
9582	41.48	-1.63	4355.889721	9582	0	0	1
9583	37.09	-3.38	5121.865073	9583	0	0	1
9584	41.19	-3.58	5255.300854	9584	0	0	0
9585	43.4	-7.39	4338.113085	9585	0	0	1
9586	41.03	-3.27	4839.730544	9586	0	0	1
9587	41.5	-1.88	4085.39689	9587	0	0	1
9588	42.11	0.6	4648.005371	9588	0	0	1
9589	41.6	-2.83	4120.830005	9589	.	0	1
9590	43.37	-5.49	3948.331051	9590	1	0	1
9591	42.86	-3.59	5045.983534	9591	0	0	1
9593	42.26	-2.99	4656.208448	9593	0	0	1
9594	42.04	1.01	3594.262271	9594	0	0	1
9595	40.89	-5.5	3357.303511	9595	0	.	1
9596	41.95	-7.45	3998.832485	9596	0	0	1
9597	42.31	-2.53	5117.588783	9597	0	0	0
9598	41.88	-6.51	4175.993642	9598	0	0	1
9599	42.8	-5.77	4147.668861	9599	1	0	1
9600	39.85	-6.04	3514.790275	9600	0	0	1
9601	41.85	-1.88	4575.070898	9601	0	0	1
9602	40.5	-3.96	4439.509647	9602	1	0	0
9644	45.07	18.72	5366.189872	9644	0	0	.
9645	45.17	18.7	5501.899778	9645	0	0	0
9647	40.37	16.77	4034.304832	9647	1	0	1
9649	39.13	16.17	4808.875455	9649	0	0	0
9651	40.68	14.87	4729.850144	9651	0	0	0
9653	38.44	16.13	5062.324763	9653	0	0	0
9656	40.64	17.31	3731.440564	9656	1	0	1
9660	40.84	14.57	4870.374304	9660	0	0	1
9663	41.33	14.09	4652.318668	9663	1	0	1
9664	46.36	11.28	5498.419458	9664	0	0	1
9665	46.36	11.28	4849.813235	9665	0	0	1
9666	46.36	11.28	5129.999691	9666	0	0	1
9667	46.36	11.28	4492.490113	9667	0	0	1
9668	46.37	11.28	4793.577014	9668	0	0	1
9669	46.37	11.28	5129.457706	9669	0	0	1
9670	46.37	11.28	5054.295272	9670	0	0	1
9671	46.37	11.28	6243.926109	9671	0	0	1
9672	46.37	11.28	5443.781119	9672	0	0	1
9673	46.37	11.28	5040.544051	9673	0	0	1
9676	46.37	11.29	4906.595779	9676	0	0	1
9677	46.37	11.29	5275.645254	9677	0	0	1
9678	46.37	11.29	4802.592337	9678	0	0	1
9679	46.34	11.29	5563.663374	9679	0	1	1
9680	46.34	11.29	5668.127799	9680	0	1	1
9681	46.34	11.29	6030.619348	9681	0	1	1
9682	46.34	11.29	5079.733887	9682	0	1	1
9683	46.34	11.29	5992.188947	9683	0	1	1
9684	46.34	11.29	4976.910656	9684	0	0	1
9685	46.34	11.29	5327.593618	9685	0	0	1
9686	46.34	11.29	4532.983963	9686	0	0	1
9687	46.34	11.29	4741.144749	9687	0	0	1
9689	46.34	11.29	5040.584593	9689	0	0	1
9690	46.34	11.29	4964.642923	9690	0	0	1
9692	46.34	11.29	5347.603193	9692	0	0	1
9693	46.34	11.29	5637.445107	9693	0	0	.
9694	46.34	11.29	4200.348444	9694	1	0	1
9695	46.34	11.29	4939.267168	9695	1	0	1
9696	46.34	11.29	5293.751641	9696	.	1	1
9698	41.57	23.85	4745.244262	9698	0	0	1
9699	41.37	23.14	4716.495556	9699	0	0	1
9700	42.32	23.1	5036.653672	9700	1	0	1
9701	43.7	25.91	4077.392941	9701	0	0	1
9703	41.53	23.39	4739.380887	9703	0	0	1
9705	41.5	23.33	4822.545488	9705	0	0	1
9706	41.64	24.18	4952.84525	9706	0	0	1
9708	41.62	25.35	4374.509101	9708	0	0	1
9710	41.85	23.13	5174.666755	9710	0	0	0
9711	42.32	23.1	4571.735393	9711	0	0	1
9712	42.32	23.1	4747.993711	9712	1	0	1
9713	42.49	25.61	4912.545066	9713	1	0	1
9717	41.66	25.47	5382.657914	9717	0	0	1
9718	41.55	24.75	4873.86111	9718	0	0	1
9719	41.83	25.69	4453.137398	9719	0	.	1
9720	41.77	25.68	5164.103486	9720	0	0	1
9721	42.72	25.33	3581.456407	9721	0	0	0
9722	41.71	24.41	4900.362145	9722	0	0	1
9725	37.6	23.08	5052.461695	9725	0	0	1
9726	37.07	22.04	4689.592169	9726	.	0	0
9728	48.46	18.9	4937.390902	9728	0	0	0
9730	48.47	18.94	5852.259873	9730	0	0	0
9731	48.46	18.9	4878.204108	9731	0	0	0
9732	48.47	18.96	4716.087692	9732	0	0	0
9733	48.47	18.94	4229.80165	9733	0	0	1
9736	44.69	25.17	4911.887229	9736	.	0	1
9738	45.57	25.42	5205.865875	9738	0	0	1
9743	45.14	25	4783.114219	9743	0	0	1
9744	47.16	27.59	4766.394615	9744	0	0	1
9748	44.23	21.71	4738.317906	9748	0	0	1
9749	43.54	22.29	4403.574359	9749	1	0	0
9754	44.66	21.37	5515.360935	9754	0	0	1
9755	44.56	22.56	5601.821196	9755	0	0	1
9756	44.3	21.08	5084.322711	9756	0	0	1
9757	44.3	21.08	5171.629916	9757	0	0	0
9768	48.57	9.16	5457.689262	9768	0	0	1
9769	48.55	8.99	4912.399374	9769	0	0	1
9770	48.53	9.01	5481.569148	9770	.	0	1
9771	48.56	9.11	4146.398027	9771	1	0	1
9772	48.41	8.85	4174.877083	9772	1	0	1
9774	48.59	9.22	5456.195782	9774	0	0	0
9775	48.41	8.79	4861.924479	9775	0	0	1
9776	48.43	8.79	4547.030723	9776	0	0	1
9777	48.57	9.17	3540.858247	9777	0	0	1
9778	48.41	8.84	5018.903053	9778	0	0	0
9779	48.5	8.78	3956.418224	9779	1	0	1
9780	48.43	8.79	4320.045339	9780	1	0	1
9781	48.52	9.11	4999.644591	9781	0	0	1
9782	48.53	9.09	3811.170913	9782	1	0	1
9783	48.52	9.05	4885.86045	9783	0	0	1
9784	48.5	8.8	5337.618433	9784	0	0	1
9785	48.54	9.02	4432.164793	9785	0	0	1
9786	48.54	9.01	4445.060133	9786	0	0	1
9787	48.5	9	4684.526093	9787	1	0	1
9788	48.53	9.01	5458.15619	9788	0	0	1
9789	48.39	8.96	5005.552525	9789	0	0	1
9791	48.6	9.2	4873.443573	9791	0	0	1
9792	48.54	9.09	4455.997284	9792	1	0	1
9793	48.57	9.16	4413.094495	9793	0	0	1
9794	48.52	9.08	5409.087509	9794	0	0	1
9795	48.5	9.11	5101.250512	9795	1	0	0
9796	48.41	8.84	4184.723309	9796	0	0	1
9797	48.54	9.02	5550.404561	9797	1	0	0
9798	48.54	9.01	5550.078826	9798	0	1	1
9799	48.39	8.85	3936.817317	9799	0	0	1
9800	48.54	9.01	3333.689763	9800	1	0	1
9801	48.54	9.01	5789.333956	9801	0	1	.
9802	48.51	9.11	5323.612379	9802	0	0	0
9803	48.42	8.76	4187.67099	9803	1	0	1
9804	48.45	8.87	4387.537978	9804	1	0	1
9805	48.54	9.09	4230.252759	9805	0	0	1
9806	48.56	9.16	5247.557572	9806	0	1	1
9807	48.6	9.22	4530.140182	9807	0	0	1
9808	48.52	9.08	4866.550092	9808	0	0	0
9809	48.52	9.05	5014.356041	9809	0	0	.
9810	48.53	9.07	5008.341515	9810	0	0	1
9811	48.52	9.05	3845.371882	9811	0	0	1
9812	48.52	9.03	4619.073236	9812	0	0	1
9813	48.4	8.77	4918.70951	9813	0	.	1
9814	48.42	8.79	3940.546769	9814	1	0	1
9815	48.54	9.02	4717.131299	9815	0	0	1
9817	39.84	-6.6	3682.046142	9817	0	0	1
9819	42.35	-3.03	4453.441129	9819	1	0	1
9820	41	-4.71	4370.275743	9820	0	0	1
9821	41.81	2.49	5159.081125	9821	0	0	1
9822	40.52	-4.02	4287.491868	9822	0	0	.
9823	43.34	-5.84	4620.393112	9823	.	0	1
9824	42.91	-4.91	5760.592086	9824	0	0	0
9825	40.4	-3.88	4389.948314	9825	0	0	0
9826	42.49	-6.71	4156.223096	9826	1	0	0
9827	42.78	0.69	5907.462127	9827	0	0	1
9828	42.5	-6.15	4179.9376	9828	1	0	0
9830	36.97	-3.28	4196.720713	9830	1	0	1
9831	38.54	-3.39	4243.375412	9831	0	0	1
9832	40.54	-3.69	3550.484709	9832	.	0	1
9833	40.38	-4.21	4235.741852	9833	.	0	0
9834	40.51	-3.9	3958.431989	9834	.	0	0
9835	40.61	-6.57	3757.876077	9835	0	0	1
9836	41.25	-1.32	5894.870805	9836	0	0	1
9837	37.94	-5.6	4185.568639	9837	0	0	1
9838	41.83	-5.38	4312.192662	9838	0	0	1
9839	40.44	-4.27	4079.817003	9839	0	0	.
9840	41.13	-1.43	5403.784815	9840	0	0	1
9841	40.59	-4.15	3930.067708	9841	1	0	1
9843	40.53	-3.92	3459.287979	9843	1	0	1
9844	42.27	0.19	5003.402516	9844	0	0	1
9845	40.48	-3.96	3526.134612	9845	.	0	1
9846	42.31	-3.02	4377.189691	9846	0	0	1
9847	43.31	-5.7	4148.445615	9847	0	0	1
9848	40.11	-5.77	4212.928591	9848	1	0	0
9849	40.65	-4.11	5549.301188	9849	0	0	0
9850	42.86	-0.7	4401.588014	9850	0	0	1
9851	42.96	-6.1	4479.527389	9851	.	0	1
9852	40.46	-3.75	3614.899633	9852	1	0	1
9853	43.33	-5.91	4247.232636	9853	1	0	.
9854	43.36	-5.88	4870.006594	9854	0	0	1
9855	40.57	-3.89	3129.336517	9855	1	0	0
9866	41.89	-2.79	3788.23963	9866	1	0	1
9867	40.94	-3.22	4945.510398	9867	0	0	1
9868	41.78	2.37	4627.254812	9868	1	0	.
9869	36.76	-5.28	4128.425571	9869	0	0	.
9870	41.91	0.17	4688.394562	9870	.	0	1
9871	40.75	-3.99	3502.853616	9871	0	0	1
9873	37.94	-5.45	4180.20468	9873	0	0	1
9874	42.34	-3	3809.852232	9874	1	0	1
9875	43.38	-5.87	5446.615664	9875	0	0	.
9876	41.34	0.99	4311.020216	9876	0	0	1
9877	43.02	-5.6	5080.469921	9877	.	0	1
9878	40.78	-3.62	4465.356267	9878	0	0	1
9879	37.6	-1.12	4108.052688	9879	0	0	1
9880	42.72	-3.44	4649.635991	9880	1	0	1
9881	40.46	-5.32	4977.087448	9881	0	0	0
9882	40.46	-4.26	4873.80017	9882	0	0	0
9883	42.1	-2.56	4752.164323	9883	0	0	1
9885	41.14	-3.68	4557.406884	9885	0	0	0
9886	42.38	1.73	4740.019708	9886	0	0	1
9887	40.4	-4.77	3863.235727	9887	0	0	1
9888	40.93	-3.31	3792.588244	9888	0	0	1
9890	43.16	-5.07	4728.944058	9890	0	0	1
9891	41.93	2.92	4887.846	9891	0	0	1
9892	42.68	-6.96	4621.899823	9892	0	0	.
9894	42.59	0.76	4519.026434	9894	0	0	1
9895	41.78	2.57	4267.958009	9895	.	0	1
9897	40.95	-5.63	5010.575891	9897	0	0	1
9898	41.14	-3.58	5199.459481	9898	0	0	0
9899	42.54	0.84	4244.007406	9899	0	0	.
9900	37.38	-6.01	3895.068294	9900	0	0	1
9901	42.27	-2.98	4993.776026	9901	0	0	1
9902	40.71	-3.24	4478.928868	9902	0	0	1
9903	42.31	-3.1	4041.549949	9903	0	0	1
9904	40.95	-3.31	3657.60241	9904	0	0	1
9906	40	4.25	4615.178615	9906	0	0	1
9918	47.43	5.21	4410.280148	9918	0	0	1
9925	48.91	4.52	5226.664196	9925	0	0	1
9933	43.74	3.89	5149.871903	9933	0	0	1
9938	50.65	2.99	4967.209695	9938	0	0	1
10020	49.17	16.5	5158.205468	10020	0	1	1
10022	48.0333	7.7667	4467.362925	10022	1	0	1