Accession_ID	Mg_blues	Latitude	Longitude	chr5_21392702	chr5_21405867	chr5_282011
88	4381.237684	47.4	0.683333	0	0	1
108	4249.456382	48.5167	-4.06667	0	0	1
139	4489.038748	48.5167	-4.06667	0	0	1
159	4812.735886	47.35	3.93333	0	.	1
265	3798.743649	44.65	-1.16667	0	1	1
350	5330.870503	46.6667	4.11667	0	0	1
351	5287.275351	46.6667	4.11667	0	0	.
403	6134.523541	49.3667	16.2667	0	0	0
410	5450.874043	49.4211	16.3497	0	0	0
424	5413.652332	49.4112	16.2815	0	0	0
428	4840.907365	49.403	16.232	0	1	0
430	4348.432268	47	15.5	0	0	1
630	4279.401011	40.7777	-72.9069	0	0	1
763	4205.255459	42.3	74.3667	0	0	1
766	5465.654017	42.5833	73.6333	0	.	1
768	4613.823876	42.8	76.35	0	.	.
772	5299.316902	37.35	72.4667	0	0	1
801	5235.358645	37.9169	-84.4639	0	0	1
870	5134.344489	41.8266	-86.4366	0	0	1
915	5694.14748	41.8972	-71.4378	0	0	1
932	5550.328462	42.3634	-71.1445	0	0	1
991	5370.420327	55.3833	14.05	0	0	0
992	5148.493601	55.3833	14.05	0	0	0
997	5990.777603	55.3833	14.05	0	0	1
1002	4522.997789	55.3833	14.05	0	0	1
1061	4817.26328	55.7167	14.1333	1	0	1
1062	5363.207207	55.7167	14.1333	1	0	1
1063	5731.589372	55.7167	14.1333	0	0	1
1066	4919.081178	55.7167	14.1333	0	0	1
1158	4506.017524	56.7	16.5167	0	0	1
1254	4675.515713	59.4333	17.0167	0	0	1
1257	5080.701842	59.4333	17.0167	0	0	1
1317	4563.514158	59.5667	16.8667	0	0	1
1552	5342.170373	63.0833	18.3667	0	0	1
1829	5137.818134	42.051	-86.509	0	0	1
1853	5464.00741	43.595	-86.2657	.	0	1
1872	5027.540284	43.595	-86.2657	0	0	1
1890	5241.019672	43.5139	-86.1859	0	1	1
1925	4780.951496	43.5251	-86.1843	0	0	1
1954	4458.023731	43.5187	-86.1739	0	0	1
2016	4002.817417	43.5356	-86.1788	0	1	1
2171	5238.50253	42.148	-86.431	0	0	0
2202	4497.05159	43.7623	-86.3929	0	1	1
2276	4783.609069	43.665	-86.496	0	0	1
2278	5067.725873	43.665	-86.496	0	0	1
2317	4259.389731	42.03	-86.514	0	0	.
4779	4412.419945	50.4	-4.9	0	0	.
4807	5507.20134	50.4	-4.9	0	0	1
4884	5304.425473	50.3	-4.9	0	0	1
4900	5286.407945	50.3	-4.8	0	0	1
4958	3835.843287	50.5	-4.5	0	0	1
5104	4683.615542	51.3	0.5	0	0	1
5151	4137.361825	52.2	-1.7	0	.	1
5165	4558.798956	51.3	0.4	0	0	1
5210	4465.933959	51.2	0.3	0	0	1
5236	4586.636971	51.2	0.4	0	.	1
5253	4432.030961	51.1	0.6	0	0	1
5276	5924.87374	51.3	1.1	0	0	1
5349	5658.329464	51.1	0.4	0	0	1
5353	4944.826713	54.5	-3	0	0	1
5486	4568.134381	54.6	-3.3	0	0	1
5577	5393.238746	54.7	-3.4	0	0	1
5644	5150.912977	54.4	-2.9	0	0	1
5720	5434.787046	53.3	-1.6	0	0	.
5726	4953.305426	51.3	1.1	0	.	1
5741	5467.937712	56.6	-4.1	0	0	1
5748	5149.933513	56	-4.4	0	0	1
5757	3889.907806	54.6	-2.3	.	0	1
5768	4013.224293	54.1	-1.5	0	0	1
5772	5310.093441	54.1	-2.3	0	0	1
5779	4140.711174	51	-3.1	0	0	1
5784	4351.7875	56.4	-5.2	0	0	1
5800	4575.604335	57.4	-5.5	0	0	1
5811	4595.837025	52.9	-3.1	0	0	1
5822	4511.862696	56.7333	-5.98333	0	0	1
5830	5504.772626	56.3333	15.9667	0	0	0
5831	5807.750996	56.3333	15.9667	0	0	0
5832	4414.305308	56.3333	15.9667	0	0	1
5837	4878.815579	49.4013	16.2326	0	0	0
5865	5255.42006	55.76	14.12	1	0	0
5867	5784.602577	55.76	14.12	1	0	1
5874	5001.327748	49.4112	16.2815	0	0	0
5890	5097.670431	49.4112	16.2815	0	.	1
5893	5497.848717	49.4112	16.2815	0	0	0
5907	6020.164331	49.4112	16.2815	1	0	0
5921	4680.214355	49.4112	16.2815	0	0	1
5950	5212.387704	49.4112	16.2815	0	0	1
5984	6477.082911	49.4112	16.2815	1	0	1
5993	5538.646416	49.4112	16.2815	0	0	0
6008	5893.334513	49.1	16.2	0	0	0
6009	4254.439354	62.877	18.177	0	0	1
6011	5020.478798	62.877	18.177	0	0	1
6012	5542.892737	62.877	18.177	0	0	1
6013	4798.738654	62.877	18.177	0	0	.
6019	5570.3097	56.06	14.29	0	0	.
6020	5744.526558	56.06	14.29	0	0	.
6021	6168.601138	56.06	14.29	1	0	0
6023	5577.211801	55.7509	13.3712	0	0	1
6024	4716.055077	55.7509	13.3712	0	0	1
6025	5274.90879	62.6437	17.7339	0	0	1
6034	4598.287862	56.1	13.74	0	0	1
6038	5447.611398	56.1	13.74	0	0	1
6039	4498.853634	56.1	13.74	0	.	.
6040	4834.680897	55.66	13.4	0	0	1
6041	5357.436479	56.0328	14.775	0	0	1
6042	4496.753976	56.09	13.9	0	0	1
6043	5684.655955	62.801	18.079	1	.	1
6069	4609.722286	62.9513	18.2763	0	0	1
6070	4744.708727	62.9308	18.3448	0	0	1
6071	5219.470283	62.9308	18.3448	0	0	1
6073	4924.75472	56.1481	15.8155	0	0	1
6074	4380.371804	56.4573	16.1308	0	.	1
6076	5377.402328	55.6942	13.4504	0	.	1
6085	4770.772347	55.7097	13.2145	0	0	1
6086	4395.055908	58.9	11.2	0	0	1
6088	4914.384614	56.4666	16.1284	0	0	.
6090	4031.684508	55.6525	13.2197	1	0	1
6092	4969.916601	55.6514	13.2233	0	.	1
6094	4470.017746	55.6494	13.2147	0	0	1
6097	5278.847196	55.6481	13.2264	0	0	1
6098	5251.485422	55.6561	13.2178	0	0	1
6099	5461.654737	55.6575	13.2386	0	0	1
6100	4709.145853	55.6	13.2	0	0	1
6102	4594.384995	55.6	13.2	1	0	1
6104	5080.224374	55.7	13.2	0	0	1
6105	4845.817583	55.7967	13.1211	0	0	1
6106	3965.166939	55.7931	13.1186	0	0	1
6107	5125.663479	55.7942	13.1222	0	0	1
6108	5173.897008	55.7989	13.1206	0	0	1
6109	5071.25944	55.7936	13.1233	0	0	1
6111	6099.590911	55.7989	13.1219	1	0	1
6112	5748.559717	55.7967	13.1044	0	0	0
6113	5434.821018	55.8078	13.1028	0	0	1
6114	5896.898754	55.8097	13.1342	0	0	1
6115	5704.726861	55.8	13.1367	0	0	1
6118	5102.840942	55.7	13.2	0	0	0
6122	5436.684361	55.8364	13.3075	0	0	1
6124	4925.549813	55.8378	13.3092	0	0	1
6125	5034.01759	55.8403	13.3106	0	0	1
6126	4877.398661	55.8411	13.3047	0	0	1
6128	5243.687623	55.8397	13.2881	0	0	1
6131	5135.249928	55.8369	13.3181	0	0	0
6132	4907.860873	55.8386	13.3186	0	0	1
6133	5335.813624	55.8364	13.2906	0	0	1
6134	5820.961459	55.8383	13.2906	0	0	1
6136	5187.389556	55.9336	13.5519	0	0	1
6137	5082.679479	55.9419	13.5603	1	0	1
6138	4186.104589	55.9403	13.5511	0	0	1
6140	5052.360248	55.9392	13.5539	0	0	1
6142	4869.2822	55.9428	13.5558	0	0	1
6145	5214.832081	55.9497	13.5533	1	0	1
6148	5044.618788	55.9319	13.5508	0	0	1
6149	4794.005513	55.9281	13.5481	0	0	1
6150	4951.197691	55.9261	13.5319	0	0	1
6151	4853.319795	55.6528	13.2244	0	0	1
6153	5239.928094	62.6425	17.7422	0	0	1
6154	5155.743473	62.6422	17.7406	0	0	1
6163	4708.628847	62.6425	17.7356	0	0	1
6166	4908.10073	62.6425	17.7372	0	0	1
6169	4599.220428	62.8714	18.3447	0	0	1
6172	4322.134396	62.8717	18.3436	0	0	1
6173	4616.300498	62.8717	18.3419	0	0	1
6174	4395.142497	62.8719	18.3422	0	0	1
6177	5541.13316	62.6322	17.69	0	0	1
6180	5181.99973	62.6322	17.6906	0	0	0
6184	3764.99035	62.8892	18.4522	0	0	1
6188	4290.552697	55.7683	14.1386	0	0	1
6189	5812.77263	55.7686	14.1383	.	0	1
6191	5405.895817	55.7689	14.1375	1	0	1
6192	4908.858125	55.7692	14.1369	1	0	1
6193	4923.502259	55.7694	14.1347	0	0	1
6194	4565.556089	55.7706	14.1342	1	0	1
6195	4431.145926	55.7708	14.1342	0	0	1
6198	4164.655445	55.7708	14.1331	0	0	1
6201	4764.137489	55.7719	14.1211	0	0	1
6202	4952.734439	55.7717	14.1206	0	0	1
6203	6715.415284	55.7714	14.1208	1	0	0
6209	4867.07579	62.8836	18.1842	0	0	1
6210	5509.130216	62.8839	18.1836	0	0	1
6216	5069.99799	63.0167	18.3283	0	0	0
6217	4499.54529	63.0169	18.3283	0	0	0
6218	5297.38614	63.0172	18.3283	0	0	0
6220	5179.635483	62.806	18.1896	0	0	1
6221	5080.495662	62.806	18.1896	0	0	1
6235	4986.001496	62.9611	18.3589	0	0	1
6237	5510.395934	62.9619	18.35	0	0	1
6238	4151.48625	62.9619	18.35	0	0	1
6240	4426.929265	62.9622	18.35	0	0	.
6242	5060.640949	55.7	13.2	1	0	1
6243	5262.262277	56.27373	13.90045	0	.	0
6244	5014.138792	62.9169	18.4728	0	0	1
6252	4396.616815	55.5796	14.3336	0	0	1
6258	5024.331037	55.5796	14.3336	1	0	1
6268	3957.968221	55.5796	14.3336	0	0	1
6276	4041.201027	55.5796	14.3336	0	0	1
6284	6879.390064	55.5796	14.3336	1	0	1
6296	4972.412844	49.2771	16.6314	0	.	1
6390	4846.38711	49.2771	16.6314	0	0	1
6396	5682.083534	49.2771	16.6314	0	0	.
6413	4994.377768	56.06	13.97	0	0	1
6424	4959.432695	49.3853	16.2544	0	0	.
6434	4357.691712	49.3853	16.2544	0	0	1
6445	5845.067896	49.3853	16.2544	1	0	.
6744	3817.819046	40.8585	-73.4675	0	.	.
6830	4753.141917	49.5	73.1	0	0	1
6897	4424.175777	45	1.3	.	0	1
6898	5245.402784	51.2167	4.4	0	.	0
6903	5189.158317	49.4013	16.2326	0	0	0
6904	5248.368822	49.2	16.6166	0	0	1
6907	4835.034394	51.4083	-0.6383	0	0	1
6908	5088.963834	51.4083	-0.6383	0	0	1
6909	5861.602169	38.3	-92.3	0	0	0
6911	3169.712772	15.1111	-23.6167	0	0	1
6913	4807.799884	62.877	18.177	0	0	1
6915	4884.56696	50.3	6.3	1	0	1
6918	4895.908729	63.0165	18.3174	0	0	0
6919	4864.06088	50.3	8	0	0	1
6920	5088.002632	51.5338	9.9355	0	0	1
6923	4911.987923	51.4083	-0.6383	0	0	1
6924	4743.053782	51.4083	-0.6383	0	0	1
6926	4905.454863	44.46	-85.37	0	0	1
6927	4686.795397	41.2816	-86.621	0	0	1
6929	5031.601394	38.48	68.49	0	.	.
6931	4468.197893	49.5	73.1	0	0	1
6932	4494.767772	47.984	10.8719	0	0	1
6933	4940.187342	41.59	2.49	0	0	1
6938	5140.675064	55.7522	37.6322	0	0	1
6940	4621.340687	50.3	8.3	0	0	1
6943	4858.601676	51.4083	-0.6383	0	0	1
6944	5465.546985	51.4083	-0.6383	0	0	1
6945	4760.899778	52.24	4.45	0	0	1
6951	3699.0889	49.42	16.36	0	1	1
6956	5540.576013	49.42	16.36	0	0	0
6957	5276.672616	49.42	16.36	0	0	0
6958	4905.91199	46	3.3	0	0	0
6959	3935.797221	48.5	-1.41	0	1	1
6960	4278.246024	48.5	-1.41	0	.	.
6961	3778.068535	38.3333	-3.53333	.	0	1
6963	4547.926777	38.35	68.48	0	0	1
6966	4994.053759	51.4083	-0.6383	0	0	1
6967	4840.37944	51.4083	-0.6383	0	0	1
6969	4051.240262	60	23.5	0	0	1
6971	4043.961363	41.7194	2.93056	0	0	1
6973	4732.185422	56.0648	13.9707	0	0	1
6974	5655.837789	56.0648	13.9707	0	0	0
6975	4635.682864	48.3	14.45	0	0	0
6976	4157.61506	48.3	14.45	0	0	0
6979	4279.162009	47.25	8.26	0	0	1
6981	5450.199519	52.3	30	0	0	1
6984	5550.959678	49.3853	16.2544	0	0	0
6986	5367.454863	57.1539	-2.2207	0	0	1
6987	4659.107407	48.0683	7.62551	0	0	1
6989	4278.834211	54.8	-2.4333	0	0	1
6992	4330.175581	50.3	5.3	0	0	1
6997	5255.380885	51.8333	5.5833	0	0	1
7000	5447.375183	50.9167	9.57073	0	0	0
7002	5538.457786	51.3333	6.1	0	0	1
7003	5789.128487	47.5	7.5	0	0	0
7008	5283.272468	52	5.675	0	.	1
7013	5485.047685	52.4584	13.287	1	.	1
7014	4738.561709	56.5459	-4.79821	0	0	1
7025	4460.202716	44.5041	11.3396	0	1	1
7026	5241.186103	54.4	-3.2667	0	0	1
7028	6300.326698	49.5166	9.3166	1	0	0
7031	5492.984452	50.0167	8.6667	0	0	1
7033	4904.480535	41.3599	-122.755	0	0	.
7036	4401.625859	50.5	9.5	0	0	1
7058	5304.854407	54.1	-6.2	0	0	1
7061	4442.990446	53.2699	-1.64293	0	0	1
7062	4800.96422	50.2981	8.26607	0	.	0
7064	5560.121658	51.3	1.1	0	0	1
7067	4366.534433	37.3	15	0	0	1
7071	4979.171823	48.0717	1.33867	0	.	1
7072	5321.668509	53.7502	34.7361	0	0	0
7077	5300.202298	40.12	-8.25	0	0	0
7081	4796.319315	40.2077	-8.42639	0	0	0
7092	4551.475389	49.416	2.823	0	0	1
7096	4787.561068	47.3239	5.04278	0	0	1
7102	4576.606739	50.7224	8.2372	0	1	1
7103	5569.073454	49.4167	16.2667	1	0	1
7106	5298.383994	51.051	13.7336	1	0	0
7107	4708.568053	54.7761	-1.5733	0	0	1
7109	4930.019488	51.3	0.5	0	0	1
7111	5131.258269	55.9494	-3.16028	0	0	1
7117	5194.975497	51.5105	9.68253	0	0	1
7119	5054.540441	50	8.5	0	.	1
7120	3642.807932	50	8.5	0	0	1
7126	4578.158142	60.1997	24.5682	0	0	1
7127	5301.525181	58.6656	24.9871	0	0	0
7130	4817.407549	44.6447	2.56481	0	0	1
7133	4130.984665	50.1102	8.6822	0	0	1
7143	5446.303677	51.0167	5.86667	0	0	1
7147	5234.871805	50.584	8.67825	1	0	0
7158	5619.545574	47	15.5	1	0	1
7160	5431.49297	43.178	-85.2532	0	0	.
7161	5189.892849	53.5	10.5	0	.	.
7162	4693.083719	52.24	9.44	0	0	1
7163	5163.14589	52.3721	9.73569	0	.	0
7165	4725.432886	51.3472	8.28844	0	0	1
7169	5059.35655	54.4175	9.88682	0	0	0
7177	5624.745627	49	15	0	0	0
7181	4969.165791	50.927	11.587	0	0	1
7183	4780.261134	35	77	0	0	1
7186	5428.423188	54.8969	23.8924	0	0	1
7192	4218.748241	55.6395	-5.66364	0	0	1
7199	4126.326013	50.95	6.9666	0	.	1
7202	4029.234202	50.1797	8.50861	0	1	1
7203	5616.613768	49.631	11.5722	0	0	0
7207	5050.421568	35.0085	135.752	0	0	0
7208	5584.688039	55.6739	-3.78181	0	0	0
7209	4989.998532	52.7333	15.2333	0	0	1
7213	4638.370114	47.984	10.8719	0	0	1
7217	4943.159362	48	0.5	0	0	1
7223	4257.842617	50.3833	8.0666	0	0	1
7231	4466.444369	50.3833	8.0666	.	0	0
7236	5423.271701	NA	NA	0	0	0
7244	4907.589569	50.001	8.26664	0	.	0
7248	4607.779964	41.3923	-70.6652	0	0	1
7255	5420.292854	50.95	20.5	0	0	0
7258	4416.448247	50.5	8.5	0	0	1
7268	4491.885973	52.6969	10.981	0	0	1
7273	4919.945376	51.0581	13.2995	0	0	1
7276	4452.857517	50.2	8.5833	.	0	1
7282	4637.764187	50.3827	8.01161	0	0	1
7287	5707.377416	53.3422	8.42255	0	0	1
7288	4438.727741	60.385543	6.193019	1	0	1
7296	4600.376654	59	29	0	0	1
7298	4591.439856	47.04	10.51	0	0	0
7305	5293.410693	53.476	10.6065	0	0	1
7314	4905.901269	54.3512	-3.41697	0	0	0
7316	4444.623284	51.9667	5.56667	0	0	1
7322	5379.479428	56.3	34	0	0	0
7323	5111.693691	49	38.28	1	0	1
7327	4366.084708	41.7833	3.03333	0	0	.
7328	4188.509024	41.7833	3.03333	0	0	1
7337	5047.343076	50.8738	8.02341	0	.	0
7342	5133.749288	53.6473	-3.00733	0	0	1
7343	4835.520094	52.5339	13.181	1	0	.
7346	5965.315467	52.6058	11.8558	1	0	0
7347	4780.938019	52	36	0	0	.
7349	5049.162576	49.5	14.5	0	0	0
7350	5035.531212	47.2413	-122.459	0	0	0
7353	5614.329697	52.08	4.3	0	0	1
7354	4971.925599	56.5	14.9	0	.	1
7356	4775.365765	41.6639	-83.5553	0	0	1
7372	4841.964718	47.0748	9.9042	0	0	1
7373	5371.653516	34.43	136.31	0	0	0
7378	4995.1884	48.0333	7.7667	0	.	1
7383	4395.07588	49.2655	-123.206	0	0	1
7384	4315.548278	52.0333	5.55	0	0	1
7387	4814.47624	54.9902	-2.3671	0	0	1
7394	4158.664963	52.3	21	0	0	1
7396	4878.495677	52.3	30	0	0	0
7404	5417.671585	52.6	10.0667	0	0	.
7411	5059.428894	47.9299	10.8134	0	0	1
7413	5568.054511	54.6833	25.3167	0	0	0
7416	5131.430064	37.45	-119.35	0	0	1
7419	4380.576971	50.3058	8.32213	0	0	0
7430	4908.061884	48.6167	6.25	0	.	0
7460	5349.391832	NA	NA	1	0	1
7461	5215.842165	49	15	0	0	1
7471	4699.966331	NA	NA	0	0	1
7477	4843.348306	41.7302	-71.2825	0	0	0
7514	4559.877049	41.5609	-86.4251	0	0	1
7515	4986.481204	41.5609	-86.4251	0	0	1
7520	5238.477366	49.38	16.81	0	0	0
7521	5403.507577	49.38	16.81	0	0	0
7525	5497.472963	42.036	-86.511	0	0	1
7717	5162.579142	41.273	-86.625	0	0	1
7917	4152.181216	42.0945	-86.3253	0	0	1
7947	5321.59258	42.0945	-86.3253	0	0	1
8077	5054.120884	41.3423	-86.7368	0	0	1
8132	4558.623053	42.036	-86.511	0	0	1
8214	5382.41614	49	2	0	0	1
8222	4985.843396	56.0328	14.775	0	0	1
8227	5062.178015	62.7989	17.9103	0	0	1
8230	5917.309987	56.68	16.5	0	0	0
8233	4707.889468	41.1876	-87.1923	0	0	1
8234	3962.426446	56.4606	15.8127	0	1	1
8235	4915.554845	48.8	17.1	0	0	.
8236	5008.205104	49.33	15.76	1	0	.
8237	5190.132915	55.8	13.1	0	.	1
8238	4672.852476	51.15	0.4	0	0	0
8240	3867.955987	55.705	13.196	0	0	1
8241	7218.969589	55.9473	13.821	1	0	1
8242	5337.617457	56.1494	15.7884	1	0	1
8243	5747.92205	43.7703	11.2547	0	0	.
8244	3839.999189	48.6103	2.3086	0	0	1
8246	5403.626353	35	-79.18	0	0	1
8256	5375.225405	56.4	12.9	0	0	1
8258	5354.721318	56.4	12.9	0	0	1
8259	4954.443944	56.4	12.9	0	0	1
8264	4957.026428	41.6833	2.8	0	0	1
8283	5379.356333	55.76	14.12	0	0	1
8284	5693.454356	49.4112	16.2815	0	0	1
8285	5549.422115	49.4112	16.2815	1	0	0
8290	4714.729587	50	8.5	0	0	1
8297	4815.686748	46.5	6.08	0	0	1
8306	4289.982881	56.1	13.74	0	0	1
8307	4211.819762	56.1	13.74	0	0	1
8311	5256.637533	47.5	11.5	0	0	0
8312	5414.810301	50.5	7.5	0	0	1
8326	5616.055162	56.0328	14.775	0	0	1
8334	5126.21644	55.71	13.2	0	0	1
8335	4682.945803	55.71	13.2	0	.	1
8337	4714.635207	44	12.37	0	0	1
8343	5050.896384	47.5	1.5	0	.	1
8351	5017.47732	60.25	18.37	0	0	1
8357	4527.206714	41.5	2.25	0	0	1
8365	5762.623167	49	16	0	0	0
8366	4838.067922	50.5	8.5	0	0	1
8376	5400.839547	62.69	18	0	.	1
8386	5545.931677	58.9	11.2	0	.	0
8419	5373.885559	54.6833	25.3167	.	0	1
8422	4389.09164	56.06	14.29	0	0	1
8424	4582.954516	35	77	0	0	1
8426	4322.929902	56.06	13.97	0	0	1
9057	5315.811103	56.1	13.9167	1	0	1
9058	4196.5316	57.75	16.6333	0	0	1
9067	4804.130523	38.6536	48.7992	0	0	1
9069	5489.731701	38.6536	48.7992	0	0	0
9070	5142.849852	38.6536	48.7992	0	0	0
9075	4261.365096	38.7406	48.6131	0	0	1
9078	4214.012563	38.7406	48.6131	0	0	1
9079	3720.880201	38.7833	48.5517	0	1	0
9081	5464.575023	38.7833	48.5517	0	0	0
9084	3942.372879	38.7833	48.5517	0	1	1
9085	4200.940829	38.7833	48.5517	0	1	1
9089	4811.681324	38.9522	48.925	0	0	0
9091	4421.166516	38.9522	48.925	0	0	1
9095	4625.964832	38.9786	48.5594	0	0	1
9099	4671.825223	38.9786	48.5594	0	0	1
9100	4353.251283	41.8296	46.2831	0	0	1
9102	5147.772587	41.8296	46.2831	0	0	1
9103	4876.922634	41.8296	46.2831	0	0	1
9104	3863.796315	41.8296	46.2831	0	0	1
9105	4937.806849	41.8296	46.2831	0	0	1
9106	4458.921872	41.8296	46.2831	0	0	1
9111	3710.382434	41.8296	46.2831	0	0	1
9113	4102.505234	41.8296	46.2831	0	0	1
9114	4427.442675	41.8296	46.2831	0	0	1
9115	4901.5172	41.8296	46.2831	0	0	1
9121	5243.623438	41.7942	43.4767	0	0	1
9125	4574.343487	40.1408	44.8203	0	0	1
9128	5133.51762	39.8692	45.3622	0	0	1
9130	4803.008429	39.8692	45.3622	0	0	1
9131	4650.409311	39.8692	45.3622	0	0	1
9133	4509.140422	39.8692	45.3622	0	0	1
9134	4743.47529	39.8692	45.3622	0	0	1
9298	5084.671086	55.9681	-3.21833	0	0	1
9321	5331.349824	62.8622	18.336	0	0	1
9323	4540.969176	62.8622	18.336	0	0	1
9332	4773.59444	62.8698	18.381	0	0	1
9336	4550.279911	62.8794	18.4473	0	0	1
9339	4790.56918	57.7133	15.0689	0	.	1
9343	4214.15748	57.3089	18.1512	0	0	1
9352	4375.400122	57.2608	16.3675	0	0	1
9353	4287.89429	57.2608	16.3675	0	0	1
9363	5013.614813	62.9147	18.4045	0	0	1
9369	5179.522208	57.6781	14.9986	1	0	1
9371	4928.055901	63.016	18.3175	0	0	0
9380	5981.329355	55.7488	13.3742	0	0	1
9381	4643.294465	55.8106	14.2091	0	0	1
9382	5287.483082	55.8106	14.2091	0	0	0
9383	4387.838801	55.8106	14.2091	0	0	1
9386	3942.051765	62.806	18.1896	0	0	1
9388	5449.578149	62.806	18.1896	0	0	1
9390	5182.994659	57.3263	15.8979	1	0	.
9391	4584.935559	57.3263	15.8979	0	0	1
9392	4789.646793	57.3263	15.8979	1	0	0
9394	4423.113401	56.5804	16.4063	0	0	1
9399	6492.298086	55.4234	13.9905	0	0	0
9402	5040.718191	57.8765	14.8549	1	0	1
9404	5227.999946	55.7491	13.399	0	0	1
9405	6150.089773	55.7491	13.399	1	0	1
9408	6082.480435	56.047	13.9519	1	0	1
9409	4742.317956	56.0573	14.302	1	0	1
9412	4951.43891	57.2746	16.1494	0	0	1
9413	5962.797029	57.2746	16.1494	0	0	1
9416	5648.629698	57.7215	18.3837	0	0	1
9421	6617.198369	55.9745	14.3997	1	0	0
9427	4585.278988	62.8815	18.4055	0	0	1
9433	3701.42271	62.9513	18.2763	0	0	1
9436	5416.516591	56.1633	14.6806	0	0	1
9442	3237.538607	55.5678	14.3398	0	0	1
9451	3173.989362	57.2545	18.2109	0	0	1
9452	4863.943757	57.2545	18.2109	0	0	1
9453	4613.846052	57.8009	18.5162	0	0	1
9454	4343.541907	57.8009	18.5162	0	0	1
9455	4456.854609	57.8009	18.5162	0	0	1
9470	5438.800892	57.6511	14.8043	0	0	0
9476	3084.170198	55.5796	14.3336	0	0	1
9481	5191.436922	55.4242	13.8484	0	0	1
9506	3939.944785	40.11	-7.47	0	1	1
9507	3339.697849	38.45	-7.5	0	.	1
9508	3960.95018	40.04	-7.11	0	0	.
9509	4964.251353	39.29	-7.4	0	0	0
9510	3603.583989	38.75	-7.59	0	1	1
9511	3605.787472	38.53	-8.02	0	0	1
9512	3638.734608	38.22	-7.84	0	1	1
9513	4199.96876	38.77	-4.07	0	0	1
9514	3835.258528	39.15	-4.54	0	0	1
9515	3165.071233	39.72	-6.89	0	1	1
9517	4458.757759	42.19	-7.8	0	.	1
9518	4346.893363	39.88	-0.36	0	0	1
9519	4286.539424	41.94	2.64	0	0	1
9520	5539.747801	41.7	-3.68	0	0	0
9521	5007.772549	41.43	2.13	0	0	1
9522	4641.892735	36.52	-5.27	0	0	1
9523	3922.711567	38.37	-2.66	0	0	1
9524	5040.706935	42.52	-0.56	0	0	1
9525	5607.510382	42.49	0.54	0	0	1
9526	4763.543922	41.54	2.39	0	0	1
9527	4267.437974	40.37	-5.74	.	0	1
9528	3858.601143	40.94	-1.37	0	.	1
9529	3855.394476	36.97	-3.36	0	1	1
9530	3693.930287	38.25	-4.32	0	.	1
9531	4865.974405	41.21	-4.54	0	0	1
9532	4463.734879	42.23	-4.64	0	0	1
9533	5489.246247	41.15	-4.32	0	0	1
9534	4427.197498	40.05	-4.65	0	0	0
9535	4949.17102	42.31	3.19	0	0	1
9536	4321.431971	40.83	-2	0	0	1
9537	4346.584649	38.07	-6.66	0	0	1
9539	4196.20595	40.29	-6.67	0	0	0
9540	4749.653997	41.81	2.34	0	0	1
9541	4445.738078	38.26	-5.42	0	0	1
9542	5102.072097	40.79	-4.05	0	0	1
9543	4584.124048	36.77	-5.39	0	0	1
9544	3724.272824	39.4	-5.33	0	0	1
9545	4008.839915	39.4	-5.78	0	.	1
9546	5143.000719	40.82	-1.68	0	0	1
9547	3620.596177	41.67	2.62	0	0	.
9548	3794.877287	40.4	-5	0	1	1
9549	4809.265261	42.23	-3.69	0	0	1
9550	5208.58194	43.05	-5.37	0	0	1
9551	4267.980643	42.28	-5.92	0	0	1
9552	5046.880837	40.87	-4.5	0	0	1
9553	4338.155812	41.58	-4.71	0	0	0
9554	4415.454257	38.86	-3.16	0	0	1
9555	4719.231686	39.58	-3.93	0	0	1
9556	3736.437227	39.66	-4.34	0	.	0
9557	5026.983405	42.46	0.7	0	0	1
9558	5232.866722	41.57	-5.64	0	0	1
9559	4950.823354	38.06	-4.38	0	0	.
9560	4736.025923	38.19	-6.24	0	0	1
9561	4258.398789	40.71	-5.04	0	0	0
9562	4803.32036	41.67	2	0	0	1
9564	5788.78846	40.45	-1.6	0	0	1
9565	5446.123493	42.97	-1.23	1	0	1
9567	4997.74126	42.34	1.3	0	0	.
9568	4825.623697	42.76	-0.23	0	0	1
9569	4629.525909	42.87	-6.45	0	0	1
9571	4662.644239	43.28	-6.01	0	0	1
9573	3814.002356	41.86	2.99	0	0	1
9574	2993.006562	38.6	-2.7	0	1	1
9576	4077.471567	40.86	-4.11	0	.	1
9577	5313.526727	42.34	2.17	0	0	.
9578	4525.483352	42.13	-6.7	0	0	1
9579	4184.433482	38.33	-3.51	0	1	1
9581	4544.390257	42.84	-5.12	0	0	1
9582	4355.889721	41.48	-1.63	0	0	1
9583	5121.865073	37.09	-3.38	0	0	1
9584	5255.300854	41.19	-3.58	0	0	0
9585	4338.113085	43.4	-7.39	0	0	1
9586	4839.730544	41.03	-3.27	0	0	1
9587	4085.39689	41.5	-1.88	0	0	1
9588	4648.005371	42.11	0.6	0	0	1
9589	4120.830005	41.6	-2.83	0	.	1
9590	3948.331051	43.37	-5.49	0	1	1
9591	5045.983534	42.86	-3.59	0	0	1
9593	4656.208448	42.26	-2.99	0	0	1
9594	3594.262271	42.04	1.01	0	0	1
9595	3357.303511	40.89	-5.5	.	0	1
9596	3998.832485	41.95	-7.45	0	0	1
9597	5117.588783	42.31	-2.53	0	0	0
9598	4175.993642	41.88	-6.51	0	0	1
9599	4147.668861	42.8	-5.77	0	1	1
9600	3514.790275	39.85	-6.04	0	0	1
9601	4575.070898	41.85	-1.88	0	0	1
9602	4439.509647	40.5	-3.96	0	1	0
9606	4975.912811	31.48	-7.45	0	0	1
9607	5179.912857	53.05	52.15	0	0	1
9609	3760.144839	51.41	59.98	0	0	1
9611	5378.536553	53.04	51.9	0	0	1
9612	4720.492903	53.04	51.94	0	0	1
9613	4840.237186	55.36	61.41	0	0	0
9616	5182.972036	53.06	51.96	0	0	1
9617	4509.832793	51.37	59.44	0	0	.
9619	5912.17487	51.84	79.48	0	0	1
9620	5018.584667	51.82	79.48	0	0	1
9621	5693.137916	51.84	79.46	0	0	1
9625	4988.985427	51.31	82.59	0	0	1
9626	5158.75225	51.36	82.59	0	0	1
9627	5400.926119	51.32	82.55	0	0	1
9628	5367.991188	51.33	82.54	0	0	1
9629	4757.948444	51.35	82.18	0	0	.
9630	4627.531294	51.34	82.16	0	0	1
9631	4821.371905	51.65	80.79	0	0	1
9634	4580.883441	54.13	81.31	0	0	1
9635	4414.937363	51.87	80.6	0	0	1
9636	5097.827581	51.75	80.82	0	0	1
9637	4473.604135	51.77	80.85	0	0	1
9638	4989.691259	51.73	80.86	0	0	1
9639	5328.359323	53.82	80.31	0	0	1
9640	5242.284876	51.87	80.06	0	0	1
9641	5139.562218	51.9	80.06	0	0	1
9643	5015.740243	52.1	79.31	0	0	1
9644	5366.189872	45.07	18.72	0	0	.
9645	5501.899778	45.17	18.7	0	0	0
9647	4034.304832	40.37	16.77	0	1	1
9649	4808.875455	39.13	16.17	0	0	0
9651	4729.850144	40.68	14.87	0	0	0
9653	5062.324763	38.44	16.13	0	0	0
9656	3731.440564	40.64	17.31	0	1	1
9660	4870.374304	40.84	14.57	0	0	1
9663	4652.318668	41.33	14.09	0	1	1
9664	5498.419458	46.36	11.28	0	0	1
9665	4849.813235	46.36	11.28	0	0	1
9666	5129.999691	46.36	11.28	0	0	1
9667	4492.490113	46.36	11.28	0	0	1
9668	4793.577014	46.37	11.28	0	0	1
9669	5129.457706	46.37	11.28	0	0	1
9670	5054.295272	46.37	11.28	0	0	1
9671	6243.926109	46.37	11.28	0	0	1
9672	5443.781119	46.37	11.28	0	0	1
9673	5040.544051	46.37	11.28	0	0	1
9676	4906.595779	46.37	11.29	0	0	1
9677	5275.645254	46.37	11.29	0	0	1
9678	4802.592337	46.37	11.29	0	0	1
9679	5563.663374	46.34	11.29	1	0	1
9680	5668.127799	46.34	11.29	1	0	1
9681	6030.619348	46.34	11.29	1	0	1
9682	5079.733887	46.34	11.29	1	0	1
9683	5992.188947	46.34	11.29	1	0	1
9684	4976.910656	46.34	11.29	0	0	1
9685	5327.593618	46.34	11.29	0	0	1
9686	4532.983963	46.34	11.29	0	0	1
9687	4741.144749	46.34	11.29	0	0	1
9689	5040.584593	46.34	11.29	0	0	1
9690	4964.642923	46.34	11.29	0	0	1
9692	5347.603193	46.34	11.29	0	0	1
9693	5637.445107	46.34	11.29	0	0	.
9694	4200.348444	46.34	11.29	0	1	1
9695	4939.267168	46.34	11.29	0	1	1
9696	5293.751641	46.34	11.29	1	.	1
9698	4745.244262	41.57	23.85	0	0	1
9699	4716.495556	41.37	23.14	0	0	1
9700	5036.653672	42.32	23.1	0	1	1
9701	4077.392941	43.7	25.91	0	0	1
9703	4739.380887	41.53	23.39	0	0	1
9705	4822.545488	41.5	23.33	0	0	1
9706	4952.84525	41.64	24.18	0	0	1
9708	4374.509101	41.62	25.35	0	0	1
9710	5174.666755	41.85	23.13	0	0	0
9711	4571.735393	42.32	23.1	0	0	1
9712	4747.993711	42.32	23.1	0	1	1
9713	4912.545066	42.49	25.61	0	1	1
9717	5382.657914	41.66	25.47	0	0	1
9718	4873.86111	41.55	24.75	0	0	1
9719	4453.137398	41.83	25.69	.	0	1
9720	5164.103486	41.77	25.68	0	0	1
9721	3581.456407	42.72	25.33	0	0	0
9722	4900.362145	41.71	24.41	0	0	1
9725	5052.461695	37.6	23.08	0	0	1
9726	4689.592169	37.07	22.04	0	.	0
9728	4937.390902	48.46	18.9	0	0	0
9730	5852.259873	48.47	18.94	0	0	0
9731	4878.204108	48.46	18.9	0	0	0
9732	4716.087692	48.47	18.96	0	0	0
9733	4229.80165	48.47	18.94	0	0	1
9736	4911.887229	44.69	25.17	0	.	1
9738	5205.865875	45.57	25.42	0	0	1
9743	4783.114219	45.14	25	0	0	1
9744	4766.394615	47.16	27.59	0	0	1
9745	5274.425341	41.45	70.05	0	0	1
9748	4738.317906	44.23	21.71	0	0	1
9749	4403.574359	43.54	22.29	0	1	0
9754	5515.360935	44.66	21.37	0	0	1
9755	5601.821196	44.56	22.56	0	0	1
9756	5084.322711	44.3	21.08	0	0	1
9757	5171.629916	44.3	21.08	0	0	0
9758	5057.552554	47.75	88.4	0	.	1
9759	4525.602068	37.47	49.47	0	0	1
9764	4032.227199	34.1	35.84	0	0	1
9766	4937.000211	42.26	74.16	0	0	1
9768	5457.689262	48.57	9.16	0	0	1
9769	4912.399374	48.55	8.99	0	0	1
9770	5481.569148	48.53	9.01	0	.	1
9771	4146.398027	48.56	9.11	0	1	1
9772	4174.877083	48.41	8.85	0	1	1
9774	5456.195782	48.59	9.22	0	0	0
9775	4861.924479	48.41	8.79	0	0	1
9776	4547.030723	48.43	8.79	0	0	1
9777	3540.858247	48.57	9.17	0	0	1
9778	5018.903053	48.41	8.84	0	0	0
9779	3956.418224	48.5	8.78	0	1	1
9780	4320.045339	48.43	8.79	0	1	1
9781	4999.644591	48.52	9.11	0	0	1
9782	3811.170913	48.53	9.09	0	1	1
9783	4885.86045	48.52	9.05	0	0	1
9784	5337.618433	48.5	8.8	0	0	1
9785	4432.164793	48.54	9.02	0	0	1
9786	4445.060133	48.54	9.01	0	0	1
9787	4684.526093	48.5	9	0	1	1
9788	5458.15619	48.53	9.01	0	0	1
9789	5005.552525	48.39	8.96	0	0	1
9791	4873.443573	48.6	9.2	0	0	1
9792	4455.997284	48.54	9.09	0	1	1
9793	4413.094495	48.57	9.16	0	0	1
9794	5409.087509	48.52	9.08	0	0	1
9795	5101.250512	48.5	9.11	0	1	0
9796	4184.723309	48.41	8.84	0	0	1
9797	5550.404561	48.54	9.02	0	1	0
9798	5550.078826	48.54	9.01	1	0	1
9799	3936.817317	48.39	8.85	0	0	1
9800	3333.689763	48.54	9.01	0	1	1
9801	5789.333956	48.54	9.01	1	0	.
9802	5323.612379	48.51	9.11	0	0	0
9803	4187.67099	48.42	8.76	0	1	1
9804	4387.537978	48.45	8.87	0	1	1
9805	4230.252759	48.54	9.09	0	0	1
9806	5247.557572	48.56	9.16	1	0	1
9807	4530.140182	48.6	9.22	0	0	1
9808	4866.550092	48.52	9.08	0	0	0
9809	5014.356041	48.52	9.05	0	0	.
9810	5008.341515	48.53	9.07	0	0	1
9811	3845.371882	48.52	9.05	0	0	1
9812	4619.073236	48.52	9.03	0	0	1
9813	4918.70951	48.4	8.77	.	0	1
9814	3940.546769	48.42	8.79	0	1	1
9815	4717.131299	48.54	9.02	0	0	1
9817	3682.046142	39.84	-6.6	0	0	1
9819	4453.441129	42.35	-3.03	0	1	1
9820	4370.275743	41	-4.71	0	0	1
9821	5159.081125	41.81	2.49	0	0	1
9822	4287.491868	40.52	-4.02	0	0	.
9823	4620.393112	43.34	-5.84	0	.	1
9824	5760.592086	42.91	-4.91	0	0	0
9825	4389.948314	40.4	-3.88	0	0	0
9826	4156.223096	42.49	-6.71	0	1	0
9827	5907.462127	42.78	0.69	0	0	1
9828	4179.9376	42.5	-6.15	0	1	0
9830	4196.720713	36.97	-3.28	0	1	1
9831	4243.375412	38.54	-3.39	0	0	1
9832	3550.484709	40.54	-3.69	0	.	1
9833	4235.741852	40.38	-4.21	0	.	0
9834	3958.431989	40.51	-3.9	0	.	0
9835	3757.876077	40.61	-6.57	0	0	1
9836	5894.870805	41.25	-1.32	0	0	1
9837	4185.568639	37.94	-5.6	0	0	1
9838	4312.192662	41.83	-5.38	0	0	1
9839	4079.817003	40.44	-4.27	0	0	.
9840	5403.784815	41.13	-1.43	0	0	1
9841	3930.067708	40.59	-4.15	0	1	1
9843	3459.287979	40.53	-3.92	0	1	1
9844	5003.402516	42.27	0.19	0	0	1
9845	3526.134612	40.48	-3.96	0	.	1
9846	4377.189691	42.31	-3.02	0	0	1
9847	4148.445615	43.31	-5.7	0	0	1
9848	4212.928591	40.11	-5.77	0	1	0
9849	5549.301188	40.65	-4.11	0	0	0
9850	4401.588014	42.86	-0.7	0	0	1
9851	4479.527389	42.96	-6.1	0	.	1
9852	3614.899633	40.46	-3.75	0	1	1
9853	4247.232636	43.33	-5.91	0	1	.
9854	4870.006594	43.36	-5.88	0	0	1
9855	3129.336517	40.57	-3.89	0	1	0
9866	3788.23963	41.89	-2.79	0	1	1
9867	4945.510398	40.94	-3.22	0	0	1
9868	4627.254812	41.78	2.37	0	1	.
9869	4128.425571	36.76	-5.28	0	0	.
9870	4688.394562	41.91	0.17	0	.	1
9871	3502.853616	40.75	-3.99	0	0	1
9873	4180.20468	37.94	-5.45	0	0	1
9874	3809.852232	42.34	-3	0	1	1
9875	5446.615664	43.38	-5.87	0	0	.
9876	4311.020216	41.34	0.99	0	0	1
9877	5080.469921	43.02	-5.6	0	.	1
9878	4465.356267	40.78	-3.62	0	0	1
9879	4108.052688	37.6	-1.12	0	0	1
9880	4649.635991	42.72	-3.44	0	1	1
9881	4977.087448	40.46	-5.32	0	0	0
9882	4873.80017	40.46	-4.26	0	0	0
9883	4752.164323	42.1	-2.56	0	0	1
9885	4557.406884	41.14	-3.68	0	0	0
9886	4740.019708	42.38	1.73	0	0	1
9887	3863.235727	40.4	-4.77	0	0	1
9888	3792.588244	40.93	-3.31	0	0	1
9890	4728.944058	43.16	-5.07	0	0	1
9891	4887.846	41.93	2.92	0	0	1
9892	4621.899823	42.68	-6.96	0	0	.
9894	4519.026434	42.59	0.76	0	0	1
9895	4267.958009	41.78	2.57	0	.	1
9897	5010.575891	40.95	-5.63	0	0	1
9898	5199.459481	41.14	-3.58	0	0	0
9899	4244.007406	42.54	0.84	0	0	.
9900	3895.068294	37.38	-6.01	0	0	1
9901	4993.776026	42.27	-2.98	0	0	1
9902	4478.928868	40.71	-3.24	0	0	1
9903	4041.549949	42.31	-3.1	0	0	1
9904	3657.60241	40.95	-3.31	0	0	1
9906	4615.178615	40	4.25	0	0	1
9918	4410.280148	47.43	5.21	0	0	1
9925	5226.664196	48.91	4.52	0	0	1
9933	5149.871903	43.74	3.89	0	0	1
9938	4967.209695	50.65	2.99	0	0	1
10020	5158.205468	49.17	16.5	1	0	1
10022	4467.362925	48.0333	7.7667	0	1	1
10023	4881.726906	68.8	15.45	0	0	0