88
108
139
159
350
351
403
410
424
428
430
1061
1062
1063
1066
1158
1552
4779
4807
4884
4900
4958
5104
5151
5165
5210
5236
5253
5276
5349
5353
5486
5577
5644
5720
5726
5741
5748
5757
5768
5772
5779
5784
5811
5822
5830
5831
5832
5837
5865
5867
5874
5890
5893
5907
5921
5950
5984
5993
6008
6009
6011
6012
6013
6019
6020
6021
6023
6024
6025
6034
6038
6039
6040
6042
6069
6070
6071
6076
6090
6094
6097
6098
6099
6100
6102
6104
6107
6109
6112
6113
6114
6115
6118
6122
6124
6125
6126
6128
6131
6132
6133
6134
6136
6137
6138
6140
6142
6145
6148
6149
6150
6153
6154
6163
6166
6169
6172
6173
6174
6177
6180
6188
6189
6191
6192
6193
6194
6195
6198
6201
6202
6203
6209
6210
6235
6237
6238
6240
6242
6243
6296
6390
6396
6413
6424
6434
6445
6897
6903
6907
6908
6913
6915
6919
6923
6924
6932
6933
6940
6943
6944
6945
6951
6956
6957
6958
6959
6960
6961
6966
6967
6969
6973
6974
6975
6976
6984
6986
6987
6989
6992
6997
7000
7002
7003
7008
7013
7014
7025
7026
7028
7031
7036
7061
7062
7064
7067
7077
7081
7102
7103
7107
7109
7111
7117
7119
7120
7126
7127
7130
7147
7158
7161
7162
7165
7169
7177
7181
7192
7202
7203
7208
7213
7217
7223
7231
7244
7255
7258
7268
7276
7287
7305
7316
7337
7342
7346
7349
7353
7354
7372
7378
7384
7387
7404
7411
7413
7419
7430
7461
7520
7521
8214
8230
8234
8236
8237
8238
8240
8241
8244
8256
8258
8259
8264
8283
8284
8285
8290
8306
8307
8311
8312
8334
8335
8337
8343
8357
8365
8366
8419
8422
8426
9057
9058
9321
9323
9332
9339
9352
9353
9369
9380
9390
9391
9392
9399
9402
9404
9405
9408
9409
9412
9413
9427
9433
9451
9452
9453
9454
9455
9470
9506
9507
9508
9509
9510
9511
9512
9513
9514
9515
9517
9518
9519
9520
9521
9523
9524
9525
9526
9527
9528
9529
9530
9531
9532
9533
9534
9535
9536
9537
9539
9540
9541
9542
9543
9544
9545
9546
9547
9548
9549
9550
9551
9552
9553
9554
9555
9556
9557
9558
9559
9560
9561
9562
9564
9565
9567
9568
9569
9571
9573
9574
9576
9577
9578
9579
9581
9582
9583
9584
9585
9586
9587
9588
9589
9590
9591
9593
9594
9596
9597
9598
9599
9600
9601
9602
9647
9649
9651
9653
9656
9660
9663
9664
9665
9666
9667
9668
9669
9670
9671
9672
9673
9676
9677
9678
9679
9680
9681
9682
9683
9684
9685
9686
9687
9689
9690
9692
9693
9694
9695
9696
9698
9699
9700
9701
9703
9705
9706
9708
9710
9711
9712
9713
9717
9718
9719
9720
9721
9722
9725
9726
9728
9730
9731
9732
9733
9768
9769
9770
9771
9772
9774
9775
9776
9777
9778
9779
9780
9781
9782
9783
9784
9785
9786
9787
9788
9789
9791
9792
9793
9794
9795
9796
9797
9798
9799
9800
9801
9802
9803
9804
9805
9806
9807
9808
9809
9810
9811
9812
9813
9814
9815
9817
9819
9820
9821
9822
9823
9824
9825
9826
9828
9830
9831
9832
9833
9834
9835
9836
9837
9838
9839
9840
9843
9844
9845
9846
9848
9849
9850
9851
9852
9853
9854
9855
9866
9867
9868
9869
9870
9871
9873
9874
9875
9876
9877
9878
9879
9880
9881
9882
9883
9885
9886
9887
9888
9890
9891
9892
9894
9895
9898
9899
9900
9901
9902
9903
9904
9918
9925
9933
9938
10020
10022
